time,ticks,degrees
2.2999999999995246e-05,4098,4098
0.0010249999999999981,3791,3791
0.002028999999999989,3441,3441
0.003033999999999995,3091,3091
0.004038999999999987,2798,2798
0.00504099999999999,2499,2499
0.006043999999999994,2175,2175
0.007046999999999998,1819,1819
0.008049999999999988,1491,1491
0.009053999999999993,1155,1155
0.010055999999999995,843,843
0.011057999999999998,530,530
0.012058999999999986,189,189
0.013059999999999988,16221,16221
0.01406099999999999,15899,15899
0.015061999999999992,15546,15546
0.016062999999999994,15193,15193
0.017063999999999996,14863,14863
0.018064999999999998,14516,14516
0.019066,14200,14200
0.02006899999999999,13822,13822
0.021074999999999997,13452,13452
0.022077999999999987,13135,13135
0.02307899999999999,12814,12814
0.02407999999999999,12495,12495
0.025080999999999992,12146,12146
0.026088,11800,11800
0.02708999999999999,11484,11484
0.02809099999999999,11146,11146
0.029091999999999993,10841,10841
0.030093999999999996,10539,10539
0.031096,10216,10216
0.03209799999999999,9915,9915
0.033107,9563,9563
0.03410899999999999,9258,9258
0.03510999999999999,8954,8954
0.03611099999999999,8623,8623
0.03711199999999999,8321,8321
0.038112999999999994,8009,8009
0.039113999999999996,7701,7701
0.04011899999999999,7343,7343
0.04111999999999999,7036,7036
0.04212099999999999,6704,6704
0.043121999999999994,6406,6406
0.044124,6109,6109
0.045125,5809,5809
0.046125999999999986,5482,5482
0.04713199999999999,5135,5135
0.048132999999999995,4835,4835
0.049134,4530,4530
0.050135,4225,4225
0.05113599999999999,3902,3902
0.05213699999999999,3596,3596
0.05313799999999999,3299,3299
0.054145,2954,2954
0.05514599999999999,2659,2659
0.05614699999999999,2356,2356
0.05714799999999999,2031,2031
0.05814899999999999,1730,1730
0.059149999999999994,1423,1423
0.060150999999999996,1089,1089
0.061154,750,750
0.062155,410,410
0.063156,91,91
0.064157,16155,16155
0.06515799999999998,15807,15807
0.06615899999999998,15478,15478
0.06715999999999998,15152,15152
0.06816699999999999,14772,14772
0.069168,14452,14452
0.070169,14132,14132
0.07117,13786,13786
0.072171,13471,13471
0.073172,13154,13154
0.074173,12832,12832
0.07518399999999999,12458,12458
0.07618499999999999,12085,12085
0.07718599999999999,11767,11767
0.07818699999999999,11449,11449
0.079188,11115,11115
0.080189,10809,10809
0.08119,10457,10457
0.082191,10158,10158
0.083192,9860,9860
0.084193,9533,9533
0.085194,9227,9227
0.08619499999999998,8924,8924
0.08719599999999998,8620,8620
0.08819699999999998,8261,8261
0.08919799999999999,7957,7957
0.09019899999999999,7624,7624
0.09119999999999999,7313,7313
0.09220099999999999,7007,7007
0.093202,6680,6680
0.094203,6381,6381
0.095204,6054,6054
0.096205,5729,5729
0.097206,5436,5436
0.098207,5135,5135
0.099208,4807,4807
0.100209,4507,4507
0.10121099999999998,4204,4204
0.10221199999999998,3852,3852
0.10321299999999999,3548,3548
0.10421399999999999,3256,3256
0.10521499999999999,2934,2934
0.10621599999999999,2632,2632
0.10721699999999999,2337,2337
0.108218,2017,2017
0.109219,1681,1681
0.11022,1352,1352
0.111221,1048,1048
0.112222,680,680
0.113223,418,418
0.114224,73,73
0.11522599999999998,16142,16142
0.11622699999999998,15761,15761
0.11722899999999999,15406,15406
0.11822999999999999,15056,15056
0.11923099999999999,14675,14675
0.12023299999999999,14302,14302
0.121235,13960,13960
0.122239,13591,13591
0.12324,13249,13249
0.124242,12875,12875
0.125243,12534,12534
0.126245,12180,12180
0.12724599999999997,11808,11808
0.128247,11443,11443
0.129249,11108,11108
0.13024999999999998,10778,10778
0.131251,10452,10452
0.132253,10109,10109
0.13325399999999998,9781,9781
0.134255,9429,9429
0.13525700000000002,9078,9078
0.136258,8721,8721
0.13725900000000002,8390,8390
0.13826,8062,8062
0.13926099999999997,7701,7701
0.140262,7396,7396
0.14126299999999997,7090,7090
0.142264,6764,6764
0.143268,6433,6433
0.14426899999999998,6109,6109
0.14527,5815,5815
0.14627099999999998,5518,5518
0.14727200000000001,5193,5193
0.148273,4893,4893
0.14927400000000002,4594,4594
0.150281,4237,4237
0.15128199999999997,3928,3928
0.152283,3631,3631
0.15328399999999998,3308,3308
0.154285,3013,3013
0.15528599999999998,2714,2714
0.156287,2420,2420
0.15728999999999999,2070,2070
0.15829100000000002,1764,1764
0.159292,1436,1436
0.16029300000000002,1132,1132
0.161294,815,815
0.162296,476,476
0.16329699999999997,160,160
0.16430099999999997,16172,16172
0.165302,15847,15847
0.16630299999999998,15522,15522
0.167304,15196,15196
0.16830499999999998,14844,14844
0.169306,14520,14520
0.170307,14204,14204
0.17131200000000002,13831,13831
0.172313,13514,13514
0.17331399999999997,13171,13171
0.174315,12854,12854
0.17531599999999997,12535,12535
0.176317,12211,12211
0.17731799999999998,11868,11868
0.178325,11525,11525
0.17932599999999999,11188,11188
0.18032700000000002,10884,10884
0.181328,10583,10583
0.18232900000000002,10257,10257
0.18333,9957,9957
0.184332,9656,9656
0.18533699999999997,9306,9306
0.186338,9000,9000
0.18733899999999998,8700,8700
0.18833999999999995,8368,8368
0.18934099999999998,8059,8059
0.19034199999999996,7753,7753
0.19134299999999999,7420,7420
0.192349,7088,7088
0.19334999999999997,6759,6759
0.194351,6458,6458
0.19535199999999997,6162,6162
0.196353,5864,5864
0.19735399999999997,5540,5540
0.198355,5242,5242
0.19935599999999998,4893,4893
0.20035699999999995,4592,4592
0.20135799999999998,4287,4287
0.20235899999999996,3961,3961
0.20335999999999999,3656,3656
0.20436099999999996,3354,3354
0.205362,3061,3061
0.20637099999999997,2720,2720
0.207372,2417,2417
0.20837299999999997,2098,2098
0.209374,1797,1797
0.21037499999999998,1486,1486
0.21137599999999995,1154,1154
0.21237699999999998,844,844
0.21338399999999996,483,483
0.214385,164,164
0.21538599999999997,16230,16230
0.216387,15909,15909
0.21738799999999997,15555,15555
0.218389,15229,15229
0.21938999999999997,14903,14903
0.22039999999999998,14532,14532
0.22140099999999996,14158,14158
0.222402,13838,13838
0.22340299999999996,13527,13527
0.224404,13208,13208
0.22540499999999997,12862,12862
0.226406,12513,12513
0.22740699999999997,12171,12171
0.228408,11851,11851
0.22940899999999997,11530,11530
0.23041,11195,11195
0.23141099999999998,10890,10890
0.23241199999999995,10591,10591
0.23341299999999998,10239,10239
0.23441399999999996,9944,9944
0.23541499999999999,9641,9641
0.23641599999999996,9317,9317
0.237417,9014,9014
0.23841799999999996,8708,8708
0.239419,8377,8377
0.24041999999999997,8043,8043
0.241421,7713,7713
0.24242199999999997,7407,7407
0.243423,7100,7100
0.24442399999999997,6796,6796
0.245425,6472,6472
0.24642599999999998,6171,6171
0.24742699999999995,5823,5823
0.24842799999999998,5528,5528
0.24942899999999996,5233,5233
0.25043,4903,4903
0.25143099999999996,4604,4604
0.252432,4303,4303
0.25343299999999996,4000,4000
0.254434,3646,3646
0.25543499999999997,3349,3349
0.256436,3029,3029
0.25743699999999997,2735,2735
0.258438,2437,2437
0.259439,2112,2112
0.26044,1811,1811
0.261441,1479,1479
0.26244199999999995,1149,1149
0.263443,843,843
0.26444399999999996,522,522
0.265445,184,184
0.26644599999999996,16252,16252
0.267447,15928,15928
0.26844799999999996,15549,15549
0.269449,15226,15226
0.27044999999999997,14875,14875
0.271451,14551,14551
0.27245199999999997,14230,14230
0.273453,13915,13915
0.274454,13574,13574
0.275455,13229,13229
0.276456,12886,12886
0.27745699999999995,12569,12569
0.278458,12246,12246
0.27945899999999996,11900,11900
0.28046,11585,11585
0.28146099999999996,11277,11277
0.282462,10917,10917
0.28346299999999996,10615,10615
0.284464,10317,10317
0.28546499999999997,9994,9994
0.286466,9695,9695
0.287467,9395,9395
0.288468,9068,9068
0.289469,8735,8735
0.29047,8436,8436
0.291471,8105,8105
0.29247199999999995,7793,7793
0.293473,7487,7487
0.29447399999999996,7156,7156
0.295475,6856,6856
0.29647599999999996,6502,6502
0.297477,6205,6205
0.29847799999999997,5907,5907
0.299479,5585,5585
0.30047999999999997,5288,5288
0.301481,4990,4990
0.302482,4690,4690
0.303483,4337,4337
0.304484,4031,4031
0.305485,3709,3709
0.30648699999999995,3412,3412
0.307488,3113,3113
0.30848899999999996,2792,2792
0.30949,2498,2498
0.31049099999999996,2148,2148
0.311492,1849,1849
0.31249299999999997,1546,1546
0.313494,1239,1239
0.31449499999999997,904,904
0.315496,588,588
0.316497,283,283
0.317498,16289,16289
0.318499,15969,15969
0.3195,15644,15644
0.320501,15297,15297
0.32150199999999995,14971,14971
0.322503,14645,14645
0.32350399999999996,14301,14301
0.324505,13959,13959
0.32550599999999996,13611,13611
0.326507,13295,13295
0.32750799999999997,12981,12981
0.328509,12661,12661
0.32950999999999997,12315,12315
0.330511,11996,11996
0.331512,11629,11629
0.332513,11314,11314
0.333514,11007,11007
0.334515,10686,10686
0.33551699999999995,10384,10384
0.336518,10087,10087
0.33751899999999996,9787,9787
0.33852,9438,9438
0.33952099999999996,9131,9131
0.340522,8807,8807
0.34152299999999997,8503,8503
0.342524,8196,8196
0.34352499999999997,7867,7867
0.344526,7557,7557
0.345527,7205,7205
0.346528,6901,6901
0.347529,6599,6599
0.34853,6299,6299
0.34953199999999995,5978,5978
0.350533,5680,5680
0.35153399999999996,5386,5386
0.352535,5043,5043
0.35353599999999996,4739,4739
0.354537,4438,4438
0.35553799999999997,4110,4110
0.356539,3810,3810
0.35753999999999997,3511,3511
0.358541,3189,3189
0.359542,2876,2876
0.360543,2555,2555
0.361544,2254,2254
0.362545,1958,1958
0.363546,1630,1630
0.36454699999999995,1327,1327
0.365548,1016,1016
0.36654899999999996,655,655
0.36755,342,342
0.36855099999999996,28,28
0.369552,16064,16064
0.37055299999999997,15742,15742
0.371554,15414,15414
0.37255499999999997,15065,15065
0.373556,14717,14717
0.374557,14397,14397
0.375558,14054,14054
0.376559,13740,13740
0.37756,13425,13425
0.37856199999999995,13079,13079
0.379563,12761,12761
0.38056399999999996,12393,12393
0.381565,12074,12074
0.38256599999999996,11758,11758
0.383567,11418,11418
0.38456799999999997,11109,11109
0.385569,10808,10808
0.38656999999999997,10507,10507
0.387571,10159,10159
0.388572,9862,9862
0.389573,9537,9537
0.390574,9231,9231
0.391575,8933,8933
0.39257699999999995,8603,8603
0.393578,8297,8297
0.39457899999999996,7968,7968
0.39558,7637,7637
0.39658099999999996,7327,7327
0.397582,7024,7024
0.39858299999999997,6699,6699
0.399584,6398,6398
0.40058499999999997,6098,6098
0.401586,5756,5756
0.402587,5458,5458
0.403588,5160,5160
0.404589,4834,4834
0.40559,4534,4534
0.406591,4234,4234
0.40759199999999995,3906,3906
0.408593,3579,3579
0.40959399999999996,3259,3259
0.410595,2962,2962
0.41159599999999996,2670,2670
0.412597,2374,2374
0.41359799999999997,2051,2051
0.414599,1746,1746
0.41559999999999997,1390,1390
0.416601,1087,1087
0.417602,776,776
0.418603,435,435
0.41960699999999995,95,95
0.420608,16162,16162
0.42160899999999996,15812,15812
0.42261,15486,15486
0.42361099999999996,15162,15162
0.424612,14812,14812
0.42561299999999996,14489,14489
0.426614,14172,14172
0.42761499999999997,13833,13833
0.428616,13516,13516
0.42961699999999997,13143,13143
0.430618,12830,12830
0.431619,12510,12510
0.43262,12191,12191
0.433621,11845,11845
0.43462199999999995,11538,11538
0.435623,11223,11223
0.436624,10867,10867
0.43762499999999993,10568,10568
0.43862599999999996,10246,10246
0.439627,9946,9946
0.440628,9646,9646
0.44162899999999994,9325,9325
0.44262999999999997,9018,9018
0.443631,8691,8691
0.444632,8364,8364
0.44563299999999995,8062,8062
0.446634,7752,7752
0.447635,7422,7422
0.44863600000000003,7120,7120
0.449638,6816,6816
0.450639,6463,6463
0.45163999999999993,6166,6166
0.45264099999999996,5868,5868
0.453642,5552,5552
0.454643,5254,5254
0.45564399999999994,4957,4957
0.45664499999999997,4628,4628
0.457646,4302,4302
0.458647,3977,3977
0.45964799999999995,3679,3679
0.460649,3377,3377
0.46165,3082,3082
0.46265100000000003,2766,2766
0.463653,2468,2468
0.464654,2120,2120
0.46565499999999993,1821,1821
0.46665599999999996,1524,1524
0.467657,1187,1187
0.468658,874,874
0.46965899999999994,564,564
0.47065999999999997,256,256
0.471661,16264,16264
0.472662,15944,15944
0.47366299999999995,15595,15595
0.474664,15269,15269
0.475665,14946,14946
0.47666600000000003,14596,14596
0.477668,14277,14277
0.478669,13931,13931
0.47966999999999993,13589,13589
0.48067099999999996,13277,13277
0.481672,12956,12956
0.482673,12609,12609
0.48367399999999994,12291,12291
0.48467499999999997,11976,11976
0.485676,11603,11603
0.486677,11290,11290
0.48767799999999994,10962,10962
0.488679,10659,10659
0.48968,10359,10359
0.49068100000000003,10064,10064
0.49168199999999995,9739,9739
0.492683,9407,9407
0.493684,9083,9083
0.49468499999999993,8781,8781
0.49568599999999996,8478,8478
0.496687,8149,8149
0.497688,7846,7846
0.49868899999999994,7534,7534
0.49968999999999997,7177,7177
0.500691,6874,6874
0.501692,6575,6575
0.502693,6254,6254
0.503694,5950,5950
0.504695,5655,5655
0.505696,5360,5360
0.506698,5011,5011
0.507699,4686,4686
0.5086999999999999,4385,4385
0.509701,4088,4088
0.510702,3782,3782
0.511703,3458,3458
0.5127039999999999,3163,3163
0.513705,2818,2818
0.514706,2522,2522
0.515707,2226,2226
0.516708,1928,1928
0.517709,1595,1595
0.51871,1292,1292
0.519711,981,981
0.520713,619,619
0.521714,310,310
0.5227149999999999,16347,16347
0.523716,16030,16030
0.524717,15706,15706
0.525718,15379,15379
0.5267189999999999,15029,15029
0.52772,14679,14679
0.528721,14331,14331
0.529722,14012,14012
0.530723,13703,13703
0.531724,13357,13357
0.532725,13041,13041
0.533726,12722,12722
0.534727,12355,12355
0.535728,12036,12036
0.536729,11715,11715
0.5377299999999999,11377,11377
0.538731,11073,11073
0.539732,10766,10766
0.540733,10442,10442
0.5417339999999999,10123,10123
0.542735,9818,9818
0.543736,9499,9499
0.544737,9197,9197
0.545738,8894,8894
0.546739,8565,8565
0.54774,8261,8261
0.548741,7907,7907
0.549743,7598,7598
0.550744,7292,7292
0.5517449999999999,6963,6963
0.552746,6663,6663
0.553747,6364,6364
0.554748,6064,6064
0.5557489999999999,5723,5723
0.5567489999999999,5425,5425
0.55775,5102,5102
0.558751,4800,4800
0.559752,4501,4501
0.560753,4168,4168
0.561754,3868,3868
0.562755,3547,3547
0.563756,3221,3221
0.564758,2926,2926
0.565759,2633,2633
0.5667599999999999,2312,2312
0.567761,2008,2008
0.568762,1704,1704
0.569763,1352,1352
0.5707639999999999,1042,1042
0.571765,727,727
0.572766,391,391
0.573767,75,75
0.574768,16136,16136
0.575769,15788,15788
0.57677,15441,15441
0.577771,15085,15085
0.578773,14757,14757
0.579774,14439,14439
0.5807749999999999,14122,14122
0.581776,13779,13779
0.582777,13463,13463
0.583778,13094,13094
0.5847789999999999,12776,12776
0.58578,12455,12455
0.586781,12107,12107
0.587782,11791,11791
0.588783,11478,11478
0.589784,11166,11166
0.590785,10813,10813
0.591786,10516,10516
0.592788,10190,10190
0.593789,9887,9887
0.5947899999999999,9594,9594
0.595791,9266,9266
0.596792,8961,8961
0.597793,8607,8607
0.5987939999999999,8302,8302
0.599795,7995,7995
0.600796,7690,7690
0.601797,7358,7358
0.602798,7054,7054
0.603799,6750,6750
0.6048,6400,6400
0.605801,6104,6104
0.606802,5780,5780
0.607803,5482,5482
0.608804,5187,5187
0.6098049999999999,4886,4886
0.610806,4557,4557
0.611807,4230,4230
0.612808,3905,3905
0.6138089999999999,3606,3606
0.61481,3307,3307
0.615811,2991,2991
0.616812,2693,2693
0.617813,2392,2392
0.618814,2046,2046
0.619815,1742,1742
0.620816,1441,1441
0.621818,1104,1104
0.622819,794,794
0.6238199999999999,486,486
0.624821,141,141
0.625822,16178,16178
0.626823,15830,15830
0.6278239999999999,15505,15505
0.628825,15180,15180
0.629826,14855,14855
0.630827,14510,14510
0.631828,14188,14188
0.632829,13822,13822
0.63383,13501,13501
0.634831,13187,13187
0.635833,12839,12839
0.636834,12524,12524
0.6378349999999999,12206,12206
0.638836,11886,11886
0.639837,11516,11516
0.640838,11207,11207
0.6418389999999999,10877,10877
0.64284,10572,10572
0.643841,10277,10277
0.644842,9952,9952
0.645843,9655,9655
0.646844,9300,9300
0.647845,8998,8998
0.648846,8694,8694
0.649847,8389,8389
0.650848,8059,8059
0.651849,7754,7754
0.6528499999999999,7442,7442
0.653851,7085,7085
0.654855,6784,6784
0.655856,6487,6487
0.656857,6158,6158
0.6578579999999999,5859,5859
0.658859,5564,5564
0.65986,5243,5243
0.660861,4918,4918
0.661862,4593,4593
0.662863,4292,4292
0.663864,3988,3988
0.6648649999999999,3686,3686
0.665866,3361,3361
0.666867,3066,3066
0.667868,2722,2722
0.6688689999999999,2424,2424
0.66987,2129,2129
0.670871,1800,1800
0.671872,1496,1496
0.6728729999999999,1192,1192
0.673874,857,857
0.674875,511,511
0.675876,197,197
0.676877,16240,16240
0.677878,15913,15913
0.678879,15592,15592
0.6798799999999999,15240,15240
0.680881,14916,14916
0.681882,14541,14541
0.682883,14223,14223
0.6838839999999999,13907,13907
0.684885,13590,13590
0.685886,13245,13245
0.686887,12928,12928
0.6878879999999999,12610,12610
0.688889,12235,12235
0.68989,11917,11917
0.690891,11572,11572
0.691892,11262,11262
0.692893,10956,10956
0.693894,10656,10656
0.6948949999999999,10333,10333
0.695896,10007,10007
0.696897,9682,9682
0.697898,9379,9379
0.6988989999999999,9081,9081
0.6999,8747,8747
0.700901,8441,8441
0.701902,8139,8139
0.702903,7779,7779
0.703904,7472,7472
0.704905,7168,7168
0.705906,6840,6840
0.706907,6536,6536
0.707908,6238,6238
0.708909,5916,5916
0.7099099999999999,5594,5594
0.710911,5270,5270
0.711912,4971,4971
0.712913,4674,4674
0.7139139999999999,4368,4368
0.714915,4042,4042
0.715916,3741,3741
0.716917,3395,3395
0.717918,3097,3097
0.718922,2778,2778
0.719923,2483,2483
0.720924,2157,2157
0.7219249999999999,1856,1856
0.722926,1503,1503
0.723927,1145,1145
0.724928,829,829
0.7259289999999999,519,519
0.72693,154,154
0.727931,16188,16188
0.728932,15840,15840
0.7299329999999999,15519,15519
0.730934,15167,15167
0.731935,14841,14841
0.732936,14522,14522
0.733937,14202,14202
0.734938,13832,13832
0.735939,13517,13517
0.7369399999999999,13170,13170
0.737941,12854,12854
0.738942,12533,12533
0.739943,12192,12192
0.7409439999999999,11869,11869
0.741945,11498,11498
0.742946,11191,11191
0.743947,10890,10890
0.7449479999999999,10585,10585
0.745949,10265,10265
0.74695,9962,9962
0.747951,9669,9669
0.748952,9313,9313
0.749953,9009,9009
0.750954,8685,8685
0.7519549999999999,8380,8380
0.752956,8073,8073
0.753957,7763,7763
0.754958,7436,7436
0.7559589999999999,7106,7106
0.75696,6777,6777
0.757961,6477,6477
0.758962,6180,6180
0.7599629999999999,5855,5855
0.760964,5558,5558
0.761965,5263,5263
0.762966,4916,4916
0.763967,4614,4614
0.764968,4312,4312
0.765969,3987,3987
0.7669699999999999,3687,3687
0.767971,3385,3385
0.768972,3067,3067
0.769973,2749,2749
0.7709739999999999,2450,2450
0.771975,2128,2128
0.772976,1828,1828
0.773977,1528,1528
0.774978,1188,1188
0.775979,884,884
0.77698,522,522
0.777981,203,203
0.778982,16270,16270
0.779983,15951,15951
0.780984,15601,15601
0.7819849999999999,15271,15271
0.782986,14952,14952
0.783987,14578,14578
0.784988,14253,14253
0.7859889999999999,13912,13912
0.78699,13599,13599
0.787991,13283,13283
0.788992,12939,12939
0.789993,12619,12619
0.790994,12250,12250
0.791995,11930,11930
0.792996,11612,11612
0.793998,11305,11305
0.794999,10973,10973
0.7959999999999999,10668,10668
0.797001,10372,10372
0.798002,10026,10026
0.799003,9723,9723
0.8000039999999999,9421,9421
0.801005,9097,9097
0.802006,8794,8794
0.803007,8487,8487
0.804008,8159,8159
0.805009,7830,7830
0.80601,7493,7493
0.807011,7187,7187
0.808012,6888,6888
0.809013,6558,6558
0.810014,6263,6263
0.8110149999999999,5963,5963
0.812016,5618,5618
0.813017,5322,5322
0.814018,5023,5023
0.8150189999999999,4697,4697
0.81602,4272,4272
0.817021,3941,3941
0.818022,3642,3642
0.819023,3346,3346
0.820024,3024,3024
0.821025,2732,2732
0.822026,2436,2436
0.823028,2081,2081
0.824029,1784,1784
0.8250299999999999,1479,1479
0.826031,1149,1149
0.827032,840,840
0.828033,525,525
0.8290339999999999,181,181
0.830035,16223,16223
0.831036,15875,15875
0.832037,15549,15549
0.833038,15229,15229
0.834039,14904,14904
0.83504,14550,14550
0.836041,14231,14231
0.837043,13865,13865
0.838044,13550,13550
0.8390449999999999,13234,13234
0.840046,12889,12889
0.841047,12571,12571
0.842048,12252,12252
0.8430489999999999,11933,11933
0.84405,11568,11568
0.845051,11256,11256
0.846052,10924,10924
0.847053,10624,10624
0.848054,10328,10328
0.849055,10004,10004
0.850056,9703,9703
0.851057,9356,9356
0.852058,9053,9053
0.853059,8747,8747
0.8540599999999999,8448,8448
0.855061,8119,8119
0.856062,7807,7807
0.857063,7501,7501
0.8580639999999999,7150,7150
0.859065,6846,6846
0.860066,6544,6544
0.861067,6223,6223
0.862068,5927,5927
0.863069,5625,5625
0.86407,5307,5307
0.865071,4985,4985
0.866073,4660,4660
0.867074,4356,4356
0.8680749999999999,4055,4055
0.869076,3760,3760
0.870077,3434,3434
0.871078,3137,3137
0.8720789999999999,2792,2792
0.87308,2499,2499
0.874081,2147,2147
0.875082,1801,1801
0.876083,1472,1472
0.877084,1166,1166
0.878085,831,831
0.879086,519,519
0.880088,206,206
0.881089,16269,16269
0.8820899999999999,15920,15920
0.883091,15599,15599
0.884092,15218,15218
0.885093,14893,14893
0.8860939999999999,14574,14574
0.887095,14225,14225
0.888096,13909,13909
0.889097,13592,13592
0.890098,13278,13278
0.891099,12906,12906
0.8921,12583,12583
0.893101,12241,12241
0.894102,11923,11923
0.895103,11606,11606
0.896104,11267,11267
0.8971049999999999,10963,10963
0.898106,10613,10613
0.899107,10312,10312
0.900108,10018,10018
0.9011089999999999,9717,9717
0.90211,9389,9389
0.903111,9087,9087
0.904112,8783,8783
0.905113,8429,8429
0.906114,8122,8122
0.907115,7794,7794
0.908116,7488,7488
0.909118,7181,7181
0.910119,6877,6877
0.9111199999999999,6552,6552
0.912121,6230,6230
0.913122,5905,5905
0.914123,5609,5609
0.9151239999999999,5315,5315
0.916125,4990,4990
0.917126,4689,4689
0.918127,4386,4386
0.919128,4033,4033
0.920129,3732,3732
0.92113,3435,3435
0.922131,3114,3114
0.923132,2823,2823
0.924133,2521,2521
0.925134,2199,2199
0.9261349999999999,1875,1875
0.927136,1544,1544
0.928137,1241,1241
0.929138,933,933
0.9301389999999999,620,620
0.93114,278,278
0.932141,16350,16350
0.933142,15978,15978
0.934143,15650,15650
0.935144,15323,15323
0.936145,14978,14978
0.937146,14654,14654
0.9381470000000001,14332,14332
0.9391479999999999,14015,14015
0.9401489999999999,13651,13651
0.9411499999999999,13332,13332
0.942151,12988,12988
0.943152,12671,12671
0.944153,12357,12357
0.945154,12003,12003
0.9461550000000001,11689,11689
0.9471559999999999,11351,11351
0.9481569999999999,11014,11014
0.949158,10713,10713
0.950159,10412,10412
0.95116,10098,10098
0.952161,9795,9795
0.9531620000000001,9494,9494
0.9541629999999999,9143,9143
0.9551639999999999,8841,8841
0.9561649999999999,8535,8535
0.957166,8210,8210
0.958167,7908,7908
0.959168,7595,7595
0.960169,7263,7263
0.9611700000000001,6938,6938
0.9621709999999999,6611,6611
0.9631719999999999,6310,6310
0.964173,6012,6012
0.965174,5721,5721
0.966175,5395,5395
0.967176,5094,5094
0.9681770000000001,4748,4748
0.9691779999999999,4445,4445
0.9701789999999999,4140,4140
0.9711799999999999,3816,3816
0.972181,3521,3521
0.973182,3218,3218
0.974183,2897,2897
0.975184,2578,2578
0.9761850000000001,2284,2284
0.9771859999999999,1952,1952
0.9781869999999999,1649,1649
0.979188,1346,1346
0.980189,1010,1010
0.98119,696,696
0.982191,358,358
0.9831920000000001,16377,16377
0.9841929999999999,16054,16054
0.9851939999999999,15701,15701
0.9861949999999999,15376,15376
0.987196,15023,15023
0.988197,14675,14675
0.989198,14354,14354
0.990199,14011,14011
0.9912000000000001,13695,13695
0.9922009999999999,13377,13377
0.9932019999999999,13033,13033
0.994203,12715,12715
0.995204,12368,12368
0.996205,12023,12023
0.997206,11710,11710
0.9982070000000001,11391,11391
0.9992079999999999,11058,11058
1.000209,10755,10755
1.00121,10459,10459
1.002211,10111,10111
1.003212,9810,9810
1.004213,9486,9486
1.005214,9182,9182
1.006215,8879,8879
1.007216,8578,8578
1.008217,8247,8247
1.009218,7916,7916
1.010219,7583,7583
1.01122,7276,7276
1.012221,6972,6972
1.013222,6667,6667
1.0142229999999999,6343,6343
1.015224,6048,6048
1.016225,5698,5698
1.017226,5401,5401
1.018227,5104,5104
1.019228,4780,4780
1.020229,4478,4478
1.02123,4172,4172
1.022231,3848,3848
1.023232,3522,3522
1.024233,3226,3226
1.025234,2910,2910
1.026235,2609,2609
1.027236,2316,2316
1.028237,1990,1990
1.0292379999999999,1687,1687
1.030239,1328,1328
1.03124,1019,1019
1.032241,707,707
1.033242,398,398
1.034243,54,54
1.035244,16118,16118
1.036245,15798,15798
1.037246,15414,15414
1.038247,15035,15035
1.039248,14714,14714
1.040249,14394,14394
1.04125,14050,14050
1.042251,13732,13732
1.043252,13390,13390
1.0442529999999999,13046,13046
1.045254,12727,12727
1.046255,12409,12409
1.047256,12064,12064
1.048257,11744,11744
1.049258,11429,11429
1.050259,11072,11072
1.05126,10770,10770
1.052261,10443,10443
1.053262,10147,10147
1.054263,9848,9848
1.055264,9542,9542
1.056265,9217,9217
1.057266,8888,8888
1.058267,8558,8558
1.0592679999999999,8253,8253
1.060269,7947,7947
1.06127,7616,7616
1.062271,7308,7308
1.063272,7003,7003
1.064273,6648,6648
1.065274,6352,6352
1.066275,6050,6050
1.067276,5731,5731
1.068277,5436,5436
1.069278,5136,5136
1.070279,4809,4809
1.07128,4481,4481
1.072281,4182,4182
1.073282,3853,3853
1.0742829999999999,3549,3549
1.075284,3256,3256
1.076285,2933,2933
1.077286,2637,2637
1.078287,2293,2293
1.079288,1993,1993
1.080289,1693,1693
1.08129,1385,1385
1.082291,1054,1054
1.083292,741,741
1.084293,426,426
1.085294,59,59
1.086295,16126,16126
1.087296,15774,15774
1.088297,15444,15444
1.0892979999999999,15124,15124
1.090299,14802,14802
1.0913,14452,14452
1.092301,14104,14104
1.093302,13765,13765
1.094303,13448,13448
1.095304,13107,13107
1.096305,12758,12758
1.097306,12441,12441
1.098307,12068,12068
1.099308,11746,11746
1.100309,11410,11410
1.10131,11047,11047
1.102311,10697,10697
1.103312,10395,10395
1.1043129999999999,10077,10077
1.105314,9773,9773
1.106315,9471,9471
1.107316,9148,9148
1.108317,8844,8844
1.109318,8538,8538
1.110319,8182,8182
1.11132,7879,7879
1.112321,7567,7567
1.113322,7237,7237
1.114323,6934,6934
1.115324,6630,6630
1.116325,6307,6307
1.117326,5987,5987
1.118327,5662,5662
1.1193279999999999,5364,5364
1.120329,5067,5067
1.12133,4767,4767
1.122331,4439,4439
1.123332,4137,4137
1.124333,3785,3785
1.125334,3489,3489
1.126335,3188,3188
1.127336,2870,2870
1.128337,2575,2575
1.129338,2278,2278
1.130339,1979,1979
1.13134,1626,1626
1.132341,1319,1319
1.133342,983,983
1.1343429999999999,671,671
1.135344,360,360
1.136345,16,16
1.137346,16082,16082
1.138347,15703,15703
1.139348,15384,15384
1.140349,15055,15055
1.14135,14732,14732
1.142351,14385,14385
1.143352,14065,14065
1.144353,13750,13750
1.145354,13383,13383
1.146355,13069,13069
1.147356,12720,12720
1.148357,12400,12400
1.1493579999999999,12084,12084
1.150359,11768,11768
1.15136,11423,11423
1.152361,11090,11090
1.153362,10760,10760
1.154363,10464,10464
1.155364,10165,10165
1.156365,9844,9844
1.157366,9543,9543
1.158367,9240,9240
1.159368,8883,8883
1.160369,8585,8585
1.16137,8283,8283
1.162371,7950,7950
1.163372,7642,7642
1.1643729999999999,7338,7338
1.165374,7006,7006
1.166375,6680,6680
1.167376,6380,6380
1.168377,6059,6059
1.169378,5759,5759
1.170379,5465,5465
1.17138,5146,5146
1.172381,4844,4844
1.173382,4492,4492
1.174383,4193,4193
1.175384,3890,3890
1.176385,3591,3591
1.177386,3268,3268
1.178387,2976,2976
1.1793879999999999,2680,2680
1.180389,2334,2334
1.18139,2033,2033
1.182391,1712,1712
1.183392,1405,1405
1.184393,1098,1098
1.185394,788,788
1.186395,452,452
1.187396,108,108
1.188397,16145,16145
1.189398,15826,15826
1.190399,15499,15499
1.1914,15148,15148
1.192401,14825,14825
1.193402,14507,14507
1.1944029999999999,14132,14132
1.195404,13818,13818
1.196405,13507,13507
1.197406,13160,13160
1.198407,12840,12840
1.199408,12524,12524
1.200409,12182,12182
1.20141,11833,11833
1.202411,11493,11493
1.203412,11190,11190
1.204413,10881,10881
1.205414,10581,10581
1.206415,10260,10260
1.207416,9964,9964
1.208417,9613,9613
1.2094179999999999,9309,9309
1.210419,9010,9010
1.21142,8683,8683
1.212421,8376,8376
1.213422,8073,8073
1.214423,7769,7769
1.215424,7409,7409
1.216425,7105,7105
1.217426,6778,6778
1.218427,6476,6476
1.219428,6177,6177
1.220429,5857,5857
1.22143,5560,5560
1.222431,5214,5214
1.223432,4916,4916
1.2244329999999999,4614,4614
1.225434,4313,4313
1.226435,3986,3986
1.227436,3684,3684
1.228437,3391,3391
1.229438,3048,3048
1.230439,2752,2752
1.23144,2429,2429
1.232441,2134,2134
1.233442,1834,1834
1.234443,1524,1524
1.235444,1199,1199
1.236445,863,863
1.237446,526,526
1.238447,211,211
1.2394479999999999,16280,16280
1.240449,15932,15932
1.24145,15609,15609
1.242451,15285,15285
1.243452,14906,14906
1.244453,14584,14584
1.245454,14263,14263
1.2464549999999999,13925,13925
1.247456,13608,13608
1.248457,13292,13292
1.249458,12949,12949
1.250459,12607,12607
1.25146,12260,12260
1.252461,11941,11941
1.253462,11627,11627
1.2544629999999999,11312,11312
1.255464,10988,10988
1.256465,10685,10685
1.257466,10335,10335
1.258467,10041,10041
1.259468,9739,9739
1.260469,9442,9442
1.2614699999999999,9112,9112
1.262471,8812,8812
1.263472,8506,8506
1.264473,8156,8156
1.265474,7848,7848
1.266478,7512,7512
1.267479,7213,7213
1.26848,6859,6859
1.269481,6558,6558
1.270482,6235,6235
1.271483,5916,5916
1.272484,5618,5618
1.273485,5323,5323
1.274486,5002,5002
1.275487,4702,4702
1.276488,4399,4399
1.2774889999999999,4051,4051
1.27849,3748,3748
1.279491,3449,3449
1.280492,3128,3128
1.281493,2838,2838
1.282494,2540,2540
1.283495,2220,2220
1.284496,1895,1895
1.285497,1568,1568
1.286498,1262,1262
1.287499,953,953
1.2885,644,644
1.289501,304,304
1.290502,16369,16369
1.291503,15997,15997
1.2925039999999999,15679,15679
1.293505,15351,15351
1.294506,15000,15000
1.295507,14681,14681
1.296508,14362,14362
1.297509,14017,14017
1.29851,13674,13674
1.299511,13362,13362
1.300512,13017,13017
1.301513,12700,12700
1.302514,12381,12381
1.303515,12039,12039
1.304516,11721,11721
1.305517,11355,11355
1.306518,11051,11051
1.3075189999999999,10749,10749
1.30852,10450,10450
1.309521,10128,10128
1.310522,9831,9831
1.311523,9529,9529
1.312524,9176,9176
1.313525,8875,8875
1.314526,8550,8550
1.315527,8242,8242
1.316528,7938,7938
1.317529,7633,7633
1.31853,7301,7301
1.319531,6973,6973
1.320532,6648,6648
1.321533,6350,6350
1.3225339999999999,6050,6050
1.323535,5730,5730
1.324536,5435,5435
1.325537,5138,5138
1.326538,4786,4786
1.327539,4488,4488
1.32854,4186,4186
1.329541,3861,3861
1.330542,3560,3560
1.331543,3266,3266
1.332544,2946,2946
1.333545,2629,2629
1.334546,2332,2332
1.335547,2005,2005
1.336548,1705,1705
1.3375489999999999,1399,1399
1.33855,1070,1070
1.339551,761,761
1.340552,395,395
1.341553,80,80
1.342554,16149,16149
1.343555,15799,15799
1.344556,15474,15474
1.345557,15153,15153
1.346558,14829,14829
1.347559,14457,14457
1.34856,14138,14138
1.349561,13797,13797
1.350562,13480,13480
1.351563,13166,13166
1.3525639999999999,12823,12823
1.353565,12506,12506
1.354566,12134,12134
1.355567,11817,11817
1.356568,11501,11501
1.357569,11187,11187
1.35857,10864,10864
1.359571,10563,10563
1.360572,10267,10267
1.361573,9919,9919
1.362574,9614,9614
1.363575,9292,9292
1.364576,8989,8989
1.365577,8685,8685
1.366578,8384,8384
1.3675789999999999,8056,8056
1.36858,7724,7724
1.369581,7389,7389
1.370582,7088,7088
1.371583,6785,6785
1.372584,6458,6458
1.373585,6161,6161
1.374586,5867,5867
1.375587,5519,5519
1.376588,5223,5223
1.377589,4924,4924
1.37859,4601,4601
1.379591,4299,4299
1.380592,3996,3996
1.381593,3671,3671
1.3825939999999999,3353,3353
1.383595,3028,3028
1.384596,2736,2736
1.385597,2446,2446
1.386598,2146,2146
1.387599,1817,1817
1.3886,1516,1516
1.389601,1156,1156
1.390602,850,850
1.391603,538,538
1.392604,225,225
1.393605,16266,16266
1.394606,15941,15941
1.395607,15621,15621
1.396608,15244,15244
1.3976089999999999,14917,14917
1.39861,14570,14570
1.399611,14252,14252
1.400612,13934,13934
1.401613,13617,13617
1.402614,13278,13278
1.403615,12935,12935
1.404616,12590,12590
1.405617,12267,12267
1.406618,11954,11954
1.407619,11612,11612
1.40862,11297,11297
1.409621,10994,10994
1.410622,10643,10643
1.411623,10344,10344
1.4126239999999999,10045,10045
1.413625,9726,9726
1.414626,9423,9423
1.415627,9119,9119
1.416628,8794,8794
1.417629,8468,8468
1.41863,8132,8132
1.419631,7829,7829
1.420632,7526,7526
1.421633,7217,7217
1.422634,6887,6887
1.423635,6589,6589
1.424636,6244,6244
1.425637,5942,5942
1.426638,5648,5648
1.4276389999999999,5327,5327
1.42864,5032,5032
1.429641,4727,4727
1.430642,4403,4403
1.431643,4082,4082
1.432644,3778,3778
1.433645,3457,3457
1.434646,3158,3158
1.435647,2863,2863
1.436648,2546,2546
1.437649,2243,2243
1.43865,1901,1901
1.439651,1593,1593
1.440652,1291,1291
1.441653,984,984
1.4426539999999999,649,649
1.443655,333,333
1.444656,15,15
1.445657,16028,16028
1.446658,15706,15706
1.447659,15354,15354
1.44866,15029,15029
1.449661,14711,14711
1.450662,14384,14384
1.451663,14042,14042
1.452664,13701,13701
1.453665,13362,13362
1.454666,13044,13044
1.455667,12726,12726
1.456668,12380,12380
1.4576689999999999,12062,12062
1.45867,11745,11745
1.459671,11380,11380
1.460672,11074,11074
1.461673,10769,10769
1.462674,10446,10446
1.463675,10149,10149
1.464676,9852,9852
1.465677,9524,9524
1.466678,9199,9199
1.467679,8897,8897
1.46868,8571,8571
1.469681,8267,8267
1.470682,7962,7962
1.471683,7630,7630
1.4726839999999999,7322,7322
1.473685,6970,6970
1.474686,6669,6669
1.475687,6370,6370
1.476688,6048,6048
1.477689,5752,5752
1.47869,5457,5457
1.479691,5158,5158
1.480692,4807,4807
1.481693,4511,4511
1.482694,4181,4181
1.483695,3879,3879
1.484696,3581,3581
1.485697,3261,3261
1.486698,2964,2964
1.4876989999999999,2621,2621
1.4887,2327,2327
1.489701,2026,2026
1.490702,1722,1722
1.491703,1398,1398
1.492704,1091,1091
1.493705,776,776
1.494706,413,413
1.495707,102,102
1.496708,16139,16139
1.497709,15815,15815
1.49871,15491,15491
1.499711,15169,15169
1.500712,14818,14818
1.501713,14469,14469
1.5027139999999999,14126,14126
1.503715,13810,13810
1.504716,13495,13495
1.505717,13180,13180
1.506718,12835,12835
1.507719,12517,12517
1.50872,12143,12143
1.5097209999999999,11828,11828
1.510722,11517,11517
1.511723,11178,11178
1.512724,10875,10875
1.513725,10576,10576
1.514726,10276,10276
1.515727,9930,9930
1.516728,9632,9632
1.5177289999999999,9306,9306
1.51873,9000,9000
1.519731,8697,8697
1.520732,8373,8373
1.521733,8065,8065
1.522734,7710,7710
1.523735,7403,7403
1.5247359999999999,7100,7100
1.525737,6794,6794
1.526738,6470,6470
1.527739,6172,6172
1.52874,5873,5873
1.529744,5527,5527
1.530745,5231,5231
1.531746,4910,4910
1.532747,4606,4606
1.533748,4301,4301
1.534749,4003,4003
1.53575,3677,3677
1.536751,3353,3353
1.537752,3039,3039
1.538753,2743,2743
1.539754,2447,2447
1.5407549999999999,2119,2119
1.541756,1820,1820
1.542757,1514,1514
1.543758,1161,1161
1.544759,850,850
1.54576,534,534
1.546761,195,195
1.547762,16258,16258
1.548763,15943,15943
1.549764,15591,15591
1.550765,15238,15238
1.551766,14885,14885
1.552767,14566,14566
1.553768,14248,14248
1.554769,13930,13930
1.5557699999999999,13588,13588
1.556771,13275,13275
1.557772,12905,12905
1.558773,12583,12583
1.559774,12266,12266
1.560775,11918,11918
1.561776,11602,11602
1.562777,11295,11295
1.563778,10989,10989
1.564779,10634,10634
1.56578,10337,10337
1.566781,10015,10015
1.567782,9716,9716
1.568783,9415,9415
1.569784,9085,9085
1.5707849999999999,8788,8788
1.571786,8429,8429
1.572787,8129,8129
1.573788,7820,7820
1.574789,7513,7513
1.57579,7180,7180
1.576791,6878,6878
1.577792,6577,6577
1.578793,6230,6230
1.579794,5931,5931
1.580795,5608,5608
1.581796,5315,5315
1.582797,5015,5015
1.583798,4713,4713
1.584798,4388,4388
1.585799,4060,4060
1.5868,3736,3736
1.587801,3435,3435
1.588802,3140,3140
1.589803,2820,2820
1.5908039999999999,2522,2522
1.591805,2227,2227
1.592807,1878,1878
1.593808,1575,1575
1.594808,1268,1268
1.595809,936,936
1.59681,624,624
1.5978109999999999,309,309
1.598812,16351,16351
1.599813,16007,16007
1.600813,15679,15679
1.601814,15327,15327
1.6028149999999999,15007,15007
1.603816,14681,14681
1.604817,14335,14335
1.605818,14017,14017
1.606819,13653,13653
1.60782,13334,13334
1.608821,13016,13016
1.609822,12699,12699
1.610822,12352,12352
1.611823,12034,12034
1.612824,11718,11718
1.613825,11354,11354
1.6148259999999999,11044,11044
1.615827,10717,10717
1.616828,10418,10418
1.617828,10120,10120
1.618829,9799,9799
1.6198299999999999,9493,9493
1.620831,9143,9143
1.621832,8838,8838
1.622833,8536,8536
1.623834,8233,8233
1.624835,7904,7904
1.625836,7595,7595
1.626837,7285,7285
1.627838,6936,6936
1.628839,6634,6634
1.62984,6332,6332
1.630841,6012,6012
1.631842,5713,5713
1.632843,5416,5416
1.633844,5091,5091
1.6348449999999999,4769,4769
1.635846,4468,4468
1.636847,4140,4140
1.637848,3839,3839
1.638849,3540,3540
1.63985,3217,3217
1.64085,2920,2920
1.641851,2580,2580
1.642852,2282,2282
1.643853,1981,1981
1.644854,1651,1651
1.645855,1353,1353
1.6468559999999999,1038,1038
1.647857,729,729
1.648858,362,362
1.649859,48,48
1.65086,16087,16087
1.651861,15763,15763
1.652862,15441,15441
1.653863,15085,15085
1.654864,14760,14760
1.655865,14389,14389
1.656866,14068,14068
1.657867,13750,13750
1.658868,13438,13438
1.659869,13098,13098
1.66087,12778,12778
1.6618709999999999,12458,12458
1.662872,12086,12086
1.663872,11768,11768
1.664873,11429,11429
1.665874,11114,11114
1.6668749999999999,10814,10814
1.667875,10517,10517
1.668876,10191,10191
1.669877,9867,9867
1.670878,9544,9544
1.671879,9239,9239
1.67288,8937,8937
1.673881,8609,8609
1.674882,8307,8307
1.675883,7997,7997
1.676884,7639,7639
1.677885,7336,7336
1.6788859999999999,7030,7030
1.679887,6704,6704
1.680888,6404,6404
1.681889,6107,6107
1.68289,5783,5783
1.683891,5463,5463
1.684892,5167,5167
1.685893,4841,4841
1.686894,4541,4541
1.687895,4238,4238
1.688896,3913,3913
1.689897,3611,3611
1.690898,3263,3263
1.691899,2971,2971
1.692899,2676,2676
1.6939,2355,2355
1.694901,2054,2054
1.695902,1755,1755
1.696903,1452,1452
1.697904,1091,1091
1.6989049999999999,783,783
1.699906,443,443
1.700907,126,126
1.701908,16193,16193
1.702909,15872,15872
1.70391,15519,15519
1.70491,15168,15168
1.70591,14816,14816
1.706911,14497,14497
1.7079119999999999,14175,14175
1.708913,13837,13837
1.709914,13522,13522
1.710915,13203,13203
1.711916,12828,12828
1.712917,12513,12513
1.713918,12194,12194
1.714919,11849,11849
1.71592,11533,11533
1.716921,11225,11225
1.717922,10893,10893
1.718923,10568,10568
1.719924,10248,10248
1.720925,9945,9945
1.721926,9643,9643
1.7229269999999999,9342,9342
1.723928,9017,9017
1.724929,8711,8711
1.72593,8352,8352
1.726931,8047,8047
1.727932,7744,7744
1.728933,7409,7409
1.729934,7103,7103
1.730935,6802,6802
1.731936,6499,6499
1.732937,6151,6151
1.733938,5850,5850
1.734939,5533,5533
1.73594,5236,5236
1.736941,4933,4933
1.7379419999999999,4607,4607
1.738943,4305,4305
1.739944,3949,3949
1.740945,3651,3651
1.741946,3356,3356
1.742947,3056,3056
1.743948,2734,2734
1.744949,2440,2440
1.74595,2138,2138
1.746951,1784,1784
1.747952,1483,1483
1.748953,1151,1151
1.749954,841,841
1.750955,524,524
1.751955,212,212
1.752956,16251,16251
1.753957,15903,15903
1.754958,15547,15547
1.755959,15228,15228
1.756959,14899,14899
1.75796,14547,14547
1.758961,14230,14230
1.759962,13913,13913
1.760963,13545,13545
1.761964,13227,13227
1.762965,12910,12910
1.763966,12562,12562
1.764967,12242,12242
1.765968,11922,11922
1.766969,11579,11579
1.76797,11242,11242
1.768971,10910,10910
1.7699719999999999,10608,10608
1.770972,10312,10312
1.771973,10008,10008
1.772974,9687,9687
1.773975,9385,9385
1.7749759999999999,9028,9028
1.775976,8725,8725
1.776977,8419,8419
1.777978,8094,8094
1.778979,7780,7780
1.77998,7473,7473
1.780981,7167,7167
1.781981,6812,6812
1.782982,6511,6511
1.7839829999999999,6185,6185
1.784984,5889,5889
1.785984,5590,5590
1.786985,5266,5266
1.787986,4970,4970
1.7889869999999999,4642,4642
1.789988,4313,4313
1.790989,4011,4011
1.79199,3709,3709
1.792991,3384,3384
1.793992,3089,3089
1.794992,2793,2793
1.795993,2444,2444
1.796994,2143,2143
1.797995,1819,1819
1.798996,1514,1514
1.799997,1206,1206
1.8009979999999999,899,899
1.801999,557,557
1.803,218,218
1.804001,16250,16250
1.805002,15929,15929
1.806003,15605,15605
1.807004,15277,15277
1.808005,14925,14925
1.809006,14599,14599
1.810007,14228,14228
1.811008,13906,13906
1.812009,13588,13588
1.81301,13245,13245
1.814011,12929,12929
1.815012,12604,12604
1.816012,12281,12281
1.817013,11911,11911
1.818014,11590,11590
1.819015,11248,11248
1.820016,10945,10945
1.8210169999999999,10644,10644
1.822018,10319,10319
1.823019,10017,10017
1.82402,9671,9671
1.825021,9368,9368
1.826022,9058,9058
1.827023,8754,8754
1.828023,8424,8424
1.829024,8113,8113
1.830025,7808,7808
1.831025,7449,7449
1.832026,7143,7143
1.833027,6835,6835
1.834028,6511,6511
1.835029,6211,6211
1.83603,5910,5910
1.837031,5586,5586
1.8380319999999999,5265,5265
1.839033,4937,4937
1.840034,4636,4636
1.841035,4333,4333
1.842036,4006,4006
1.843037,3702,3702
1.844038,3400,3400
1.8450389999999999,3054,3054
1.846039,2759,2759
1.8470389999999999,2460,2460
1.84804,2134,2134
1.849041,1830,1830
1.850042,1528,1528
1.851043,1194,1194
1.852044,855,855
1.853045,518,518
1.854046,196,196
1.855047,16265,16265
1.856048,15941,15941
1.857049,15588,15588
1.85805,15261,15261
1.859051,14886,14886
1.860051,14560,14560
1.861051,14238,14238
1.862052,13890,13890
1.863053,13576,13576
1.8640539999999999,13260,13260
1.865055,12937,12937
1.866056,12565,12565
1.867057,12246,12246
1.868058,11897,11897
1.869059,11581,11581
1.87006,11270,11270
1.871061,10964,10964
1.872061,10631,10631
1.873061,10278,10278
1.874062,9981,9981
1.875062,9676,9676
1.876063,9374,9374
1.877064,9043,9043
1.8780649999999999,8738,8738
1.879066,8432,8432
1.880067,8070,8070
1.881068,7763,7763
1.882069,7452,7452
1.88307,7117,7117
1.884071,6813,6813
1.885072,6511,6511
1.8860729999999999,6184,6184
1.887074,5858,5858
1.888074,5534,5534
1.889075,5235,5235
1.890076,4933,4933
1.891077,4630,4630
1.892077,4301,4301
1.893078,3995,3995
1.894079,3641,3641
1.8950799999999999,3343,3343
1.896081,3041,3041
1.897082,2718,2718
1.898083,2424,2424
1.899084,2121,2121
1.900085,1818,1818
1.901086,1458,1458
1.902087,1149,1149
1.903088,814,814
1.904089,500,500
1.90509,178,178
1.906091,16218,16218
1.907092,15893,15893
1.908093,15511,15511
1.909094,15185,15185
1.9100949999999999,14859,14859
1.911096,14532,14532
1.912097,14186,14186
1.913098,13867,13867
1.914099,13550,13550
1.9150989999999999,13177,13177
1.9161,12858,12858
1.917101,12507,12507
1.918102,12188,12188
1.919103,11863,11863
1.920104,11548,11548
1.921105,11208,11208
1.9221059999999999,10873,10873
1.923107,10548,10548
1.924108,10248,10248
1.925108,9942,9942
1.926109,9618,9618
1.9271099999999999,9313,9313
1.928111,9008,9008
1.929112,8653,8653
1.930113,8342,8342
1.931114,8042,8042
1.932115,7704,7704
1.933116,7391,7391
1.934117,7085,7085
1.935118,6784,6784
1.936119,6429,6429
1.9371200000000002,6128,6128
1.93812,5806,5806
1.939121,5502,5502
1.9401220000000001,5204,5204
1.9411230000000002,4874,4874
1.9421240000000002,4573,4573
1.943124,4215,4215
1.944125,3910,3910
1.9451260000000001,3610,3610
1.9461270000000002,3283,3283
1.9471280000000002,2983,2983
1.9481289999999998,2687,2687
1.9491299999999998,2387,2387
1.9501309999999998,2033,2033
1.9511310000000002,1731,1731
1.9521320000000002,1400,1400
1.9531329999999998,1088,1088
1.9541339999999998,771,771
1.9551349999999998,429,429
1.9561359999999999,114,114
1.957137,16145,16145
1.958138,15789,15789
1.959139,15466,15466
1.96014,15141,15141
1.961141,14783,14783
1.962142,14460,14460
1.963143,14141,14141
1.9641440000000001,13764,13764
1.9651450000000001,13447,13447
1.9661460000000002,13128,13128
1.9671470000000002,12783,12783
1.968147,12456,12456
1.9691480000000001,12136,12136
1.970148,11788,11788
1.971149,11446,11446
1.972149,11103,11103
1.97315,10804,10804
1.974151,10500,10500
1.975152,10195,10195
1.976152,9874,9874
1.977153,9572,9572
1.978154,9215,9215
1.979155,8907,8907
1.9801549999999999,8604,8604
1.981156,8274,8274
1.982157,7964,7964
1.983158,7653,7653
1.984159,7343,7343
1.98516,6987,6987
1.986161,6679,6679
1.987162,6353,6353
1.9881630000000001,6056,6056
1.9891640000000002,5750,5750
1.990164,5428,5428
1.991165,5126,5126
1.992166,4776,4776
1.9931670000000001,4471,4471
1.9941680000000002,4163,4163
1.9951690000000002,3860,3860
1.9961699999999998,3533,3533
1.9971709999999998,3232,3232
1.9981719999999998,2936,2936
1.9991729999999999,2592,2592
2.000174,2287,2287
2.001174,1961,1961
2.002175,1654,1654
2.003175,1346,1346
2.004176,1036,1036
2.0051769999999998,696,696
2.006178,356,356
2.007179,5,5
2.00818,16067,16067
2.009181,15741,15741
2.010182,15382,15382
2.011182,15054,15054
2.012183,14728,14728
2.013184,14350,14350
2.014184,14029,14029
2.015185,13709,13709
2.016186,13364,13364
2.017187,13043,13043
2.018187,12721,12721
2.0191879999999998,12368,12368
2.020188,12020,12020
2.021189,11699,11699
2.02219,11352,11352
2.02319,11044,11044
2.024191,10741,10741
2.025191,10413,10413
2.026192,10109,10109
2.027193,9758,9758
2.028193,9450,9450
2.029194,9148,9148
2.030195,8843,8843
2.031196,8509,8509
2.032197,8198,8198
2.033198,7890,7890
2.034199,7530,7530
2.035199,7221,7221
2.036199,6887,6887
2.0372,6580,6580
2.038201,6280,6280
2.039201,5951,5951
2.040202,5654,5654
2.041203,5327,5327
2.042204,5004,5004
2.043205,4698,4698
2.044206,4393,4393
2.045206,4063,4063
2.046206,3760,3760
2.047206,3459,3459
2.048206,3110,3110
2.049207,2809,2809
2.050208,2510,2510
2.051209,2188,2188
2.052209,1884,1884
2.05321,1577,1577
2.05421,1241,1241
2.0552099999999998,901,901
2.056211,561,561
2.057211,240,240
2.058211,16303,16303
2.059212,15980,15980
2.060213,15628,15628
2.061214,15297,15297
2.062214,14917,14917
2.063214,14593,14593
2.064215,14267,14267
2.065215,13918,13918
2.066216,13602,13602
2.067217,13284,13284
2.068218,12963,12963
2.069218,12587,12587
2.070219,12263,12263
2.07122,11917,11917
2.072221,11594,11594
2.0732209999999998,11283,11283
2.074221,10946,10946
2.075221,10641,10641
2.076222,10288,10288
2.077223,9990,9990
2.078224,9683,9683
2.079224,9376,9376
2.080225,9046,9046
2.081226,8739,8739
2.082227,8430,8430
2.083228,8069,8069
2.084229,7763,7763
2.08523,7424,7424
2.08623,7114,7114
2.08723,6810,6810
2.08823,6508,6508
2.089231,6176,6176
2.090232,5850,5850
2.091233,5527,5527
2.092234,5225,5225
2.093235,4921,4921
2.094236,4590,4590
2.095237,4285,4285
2.096238,3979,3979
2.097239,3624,3624
2.09824,3324,3324
2.099241,3027,3027
2.100241,2696,2696
2.101241,2403,2403
2.102241,2097,2097
2.103242,1772,1772
2.104243,1430,1430
2.105244,1100,1100
2.106244,787,787
2.107245,468,468
2.108246,148,148
2.109247,16186,16186
2.110248,15860,15860
2.111249,15474,15474
2.112249,15148,15148
2.11325,14822,14822
2.114251,14496,14496
2.115252,14145,14145
2.116253,13829,13829
2.117253,13512,13512
2.118254,13135,13135
2.119255,12814,12814
2.120256,12465,12465
2.121256,12144,12144
2.122257,11818,11818
2.123258,11475,11475
2.124259,11165,11165
2.12526,10825,10825
2.12626,10502,10502
2.12726,10202,10202
2.128261,9900,9900
2.129261,9572,9572
2.130262,9268,9268
2.131263,8963,8963
2.132263,8606,8606
2.133264,8299,8299
2.134265,7964,7964
2.135265,7651,7651
2.136266,7345,7345
2.137266,7037,7037
2.138266,6707,6707
2.139267,6377,6377
2.140268,6049,6049
2.141269,5752,5752
2.14227,5451,5451
2.143271,5149,5149
2.144272,4821,4821
2.145273,4519,4519
2.146277,4163,4163
2.147278,3858,3858
2.148279,3555,3555
2.149279,3228,3228
2.150279,2933,2933
2.15128,2631,2631
2.152281,2330,2330
2.153282,1979,1979
2.154283,1671,1671
2.155283,1342,1342
2.156283,1032,1032
2.157283,714,714
2.158283,367,367
2.159284,53,53
2.160285,16059,16059
2.161285,15732,15732
2.162286,15406,15406
2.163287,15081,15081
2.164287,14721,14721
2.165288,14400,14400
2.1662879999999998,14081,14081
2.167289,13707,13707
2.168289,13385,13385
2.169289,13042,13042
2.170289,12719,12719
2.17129,12399,12399
2.172291,12076,12076
2.173292,11728,11728
2.174292,11388,11388
2.175292,11054,11054
2.176293,10746,10746
2.177294,10444,10444
2.178294,10117,10117
2.1792949999999998,9816,9816
2.180296,9510,9510
2.181296,9157,9157
2.182297,8850,8850
2.183298,8546,8546
2.1842989999999998,8217,8217
2.1853,7905,7905
2.1863,7596,7596
2.1873,7261,7261
2.1883,6933,6933
2.1893,6600,6600
2.1903,6300,6300
2.191301,5999,5999
2.192302,5703,5703
2.193303,5374,5374
2.194304,5077,5077
2.195304,4724,4724
2.196305,4417,4417
2.197305,4112,4112
2.198306,3785,3785
2.199307,3481,3481
2.200307,3180,3180
2.201307,2885,2885
2.202308,2542,2542
2.203309,2237,2237
2.20431,1911,1911
2.205311,1604,1604
2.206312,1297,1297
2.207313,960,960
2.208314,643,643
2.209315,278,278
2.210316,16340,16340
2.211317,16015,16015
2.212318,15692,15692
2.213319,15339,15339
2.21432,15009,15009
2.21532,14682,14682
2.21632,14307,14307
2.217321,13987,13987
2.218322,13641,13641
2.219323,13323,13323
2.220324,13004,13004
2.221324,12684,12684
2.222325,12331,12331
2.223326,11984,11984
2.224327,11640,11640
2.225328,11321,11321
2.226329,11012,11012
2.227329,10685,10685
2.22833,10384,10384
2.22933,10084,10084
2.23033,9732,9732
2.23133,9430,9430
2.232331,9124,9124
2.233332,8790,8790
2.234333,8490,8490
2.235333,8178,8178
2.236333,7844,7844
2.237334,7512,7512
2.238335,7205,7205
2.239335,6873,6873
2.240336,6568,6568
2.241336,6269,6269
2.242337,5945,5945
2.243337,5642,5642
2.244338,5298,5298
2.245339,4998,4998
2.24634,4692,4692
2.247341,4388,4388
2.248342,4061,4061
2.249342,3756,3756
2.250343,3457,3457
2.251344,3109,3109
2.252345,2813,2813
2.253346,2494,2494
2.254346,2189,2189
2.255346,1886,1886
2.256347,1583,1583
2.2573469999999998,1251,1251
2.258347,912,912
2.259347,574,574
2.260348,253,253
2.261348,16319,16319
2.262349,15969,15969
2.263349,15645,15645
2.26435,15318,15318
2.265351,14936,14936
2.266352,14617,14617
2.267353,14294,14294
2.268354,13945,13945
2.269355,13630,13630
2.270356,13311,13311
2.271357,12964,12964
2.272357,12620,12620
2.273358,12299,12299
2.274359,11949,11949
2.27536,11630,11630
2.276361,11316,11316
2.277362,10987,10987
2.278362,10682,10682
2.279362,10329,10329
2.280363,10033,10033
2.281364,9726,9726
2.282364,9396,9396
2.283364,9091,9091
2.284365,8791,8791
2.285366,8483,8483
2.286366,8125,8125
2.287366,7818,7818
2.288367,7480,7480
2.289367,7172,7172
2.290368,6868,6868
2.291368,6543,6543
2.292369,6241,6241
2.29337,5914,5914
2.294371,5591,5591
2.295372,5293,5293
2.296372,4991,4991
2.297373,4663,4663
2.298374,4362,4362
2.299375,4053,4053
2.300375,3700,3700
2.301375,3401,3401
2.302375,3078,3078
2.303376,2782,2782
2.304376,2481,2481
2.305377,2185,2185
2.306378,1855,1855
2.307379,1525,1525
2.30838,1191,1191
2.30938,879,879
2.31038,563,563
2.3113799999999998,225,225
2.312381,16287,16287
2.313382,15965,15965
2.314383,15579,15579
2.315384,15258,15258
2.3163839999999998,14931,14931
2.317385,14579,14579
2.318386,14254,14254
2.319387,13941,13941
2.320387,13597,13597
2.321388,13252,13252
2.322389,12931,12931
2.32339,12587,12587
2.324391,12264,12264
2.325392,11943,11943
2.326393,11600,11600
2.327393,11286,11286
2.328393,10924,10924
2.329393,10625,10625
2.330393,10326,10326
2.331394,9997,9997
2.332395,9698,9698
2.333395,9393,9393
2.334396,9095,9095
2.335396,8737,8737
2.336397,8432,8432
2.337397,8101,8101
2.338398,7795,7795
2.339398,7481,7481
2.340398,7177,7177
2.341399,6851,6851
2.342399,6519,6519
2.343399,6194,6194
2.3444,5894,5894
2.345401,5596,5596
2.346401,5271,5271
2.347401,4971,4971
2.348401,4670,4670
2.349402,4313,4313
2.350403,4010,4010
2.351404,3703,3703
2.352405,3379,3379
2.353406,3083,3083
2.354406,2785,2785
2.355406,2463,2463
2.356407,2138,2138
2.357408,1810,1810
2.358409,1503,1503
2.35941,1197,1197
2.36041,880,880
2.36141,541,541
2.36241,228,228
2.363411,16237,16237
2.364411,15910,15910
2.365412,15587,15587
2.366412,15234,15234
2.367413,14902,14902
2.368414,14580,14580
2.369415,14259,14259
2.370415,13887,13887
2.371415,13570,13570
2.372416,13224,13224
2.373417,12906,12906
2.3744169999999998,12583,12583
2.375417,12237,12237
2.376417,11917,11917
2.377418,11575,11575
2.378419,11234,11234
2.37942,10929,10929
2.380421,10624,10624
2.381421,10300,10300
2.382421,10001,10001
2.383422,9700,9700
2.384423,9349,9349
2.385424,9042,9042
2.386425,8710,8710
2.387425,8407,8407
2.388425,8101,8101
2.389426,7786,7786
2.390426,7456,7456
2.391427,7127,7127
2.3924279999999998,6796,6796
2.393429,6491,6491
2.394429,6193,6193
2.395429,5869,5869
2.396429,5567,5567
2.39743,5270,5270
2.398431,4921,4921
2.399431,4613,4613
2.400432,4308,4308
2.401432,3985,3985
2.402433,3682,3682
2.403434,3380,3380
2.404435,3060,3060
2.4054349999999998,2739,2739
2.406436,2417,2417
2.407436,2114,2114
2.408437,1810,1810
2.409437,1483,1483
2.410438,1171,1171
2.411439,859,859
2.412439,498,498
2.413439,179,179
2.414439,16241,16241
2.41544,15889,15889
2.416441,15565,15565
2.417441,15237,15237
2.418441,14910,14910
2.419442,14536,14536
2.420442,14211,14211
2.421442,13867,13867
2.422443,13549,13549
2.423444,13232,13232
2.424444,12888,12888
2.425445,12566,12566
2.426446,12217,12217
2.4274459999999998,11868,11868
2.428446,11551,11551
2.429446,11238,11238
2.430447,10909,10909
2.431448,10606,10606
2.432448,10305,10305
2.433449,9955,9955
2.43445,9657,9657
2.43545,9351,9351
2.436451,9019,9019
2.437452,8716,8716
2.438452,8413,8413
2.439453,8077,8077
2.440454,7747,7747
2.441454,7414,7414
2.442454,7107,7107
2.443455,6801,6801
2.444456,6501,6501
2.445456,6173,6173
2.446457,5875,5875
2.447457,5526,5526
2.448457,5231,5231
2.4494569999999998,4928,4928
2.450457,4599,4599
2.451457,4299,4299
2.452457,3995,3995
2.4534569999999998,3691,3691
2.454458,3344,3344
2.455458,3047,3047
2.456459,2723,2723
2.457459,2426,2426
2.458459,2126,2126
2.45946,1800,1800
2.46046,1493,1493
2.4614599999999998,1132,1132
2.462461,824,824
2.463461,508,508
2.464461,193,193
2.465461,16228,16228
2.466461,15910,15910
2.467462,15580,15580
2.468463,15200,15200
2.469464,14877,14877
2.470465,14525,14525
2.471466,14205,14205
2.472466,13883,13883
2.473466,13572,13572
2.474467,13227,13227
2.475467,12879,12879
2.476468,12504,12504
2.477469,12160,12160
2.478469,11813,11813
2.47947,11498,11498
2.480471,11139,11139
2.481472,10799,10799
2.482473,10479,10479
2.483474,10180,10180
2.4844749999999998,9857,9857
2.485475,9554,9554
2.486476,9224,9224
2.487476,8899,8899
2.488476,8592,8592
2.489476,8286,8286
2.490477,7955,7955
2.491477,7648,7648
2.492478,7339,7339
2.493479,6980,6980
2.494479,6682,6682
2.495479,6378,6378
2.49648,6058,6058
2.497481,5756,5756
2.498481,5461,5461
2.499481,5136,5136
2.500482,4809,4809
2.501483,4488,4488
2.502483,4183,4183
2.503483,3875,3875
2.504484,3577,3577
2.505485,3255,3255
2.5064859999999998,2955,2955
2.507487,2612,2612
2.508487,2313,2313
2.509488,2013,2013
2.510489,1681,1681
2.51149,1378,1378
2.512491,1073,1073
2.513491,758,758
2.514491,391,391
2.515492,77,77
2.516493,16110,16110
2.517493,15786,15786
2.518494,15461,15461
2.519494,15112,15112
2.520495,14788,14788
2.521496,14409,14409
2.522497,14091,14091
2.523497,13772,13772
2.5244969999999998,13459,13459
2.525498,13115,13115
2.526499,12801,12801
2.5275,12478,12478
2.5285,12103,12103
2.5295,11785,11785
2.5305,11445,11445
2.531501,11135,11135
2.532502,10833,10833
2.533503,10532,10532
2.534504,10209,10209
2.535505,9885,9885
2.536505,9558,9558
2.537506,9257,9257
2.538507,8953,8953
2.539508,8626,8626
2.540509,8322,8322
2.54151,8016,8016
2.54251,7656,7656
2.543511,7351,7351
2.544511,7048,7048
2.545512,6718,6718
2.546512,6421,6421
2.547513,6120,6120
2.548513,5799,5799
2.549514,5477,5477
2.550514,5181,5181
2.551514,4856,4856
2.552515,4553,4553
2.553515,4251,4251
2.554515,3925,3925
2.5555149999999998,3624,3624
2.556516,3277,3277
2.557516,2979,2979
2.558517,2686,2686
2.559517,2363,2363
2.560517,2065,2065
2.561518,1764,1764
2.562519,1435,1435
2.56352,1102,1102
2.56452,792,792
2.56552,321,321
2.566521,16331,16331
2.567522,16010,16010
2.568523,15687,15687
2.569523,15336,15336
2.570523,15009,15009
2.571523,14688,14688
2.572524,14342,14342
2.573524,13995,13995
2.574525,13676,13676
2.575525,13336,13336
2.576525,13019,13019
2.5775259999999998,12699,12699
2.578526,12353,12353
2.579526,12037,12037
2.580526,11661,11661
2.5815259999999998,11350,11350
2.582527,11044,11044
2.583527,10741,10741
2.584536,10415,10415
2.585537,10119,10119
2.586537,9821,9821
2.587537,9469,9469
2.588538,9167,9167
2.589539,8837,8837
2.590539,8536,8536
2.59154,8226,8226
2.5925409999999998,7894,7894
2.593542,7591,7591
2.594542,7256,7256
2.595543,6927,6927
2.596543,6629,6629
2.597544,6329,6329
2.598545,6003,6003
2.599546,5708,5708
2.600547,5412,5412
2.601547,5061,5061
2.602548,4764,4764
2.603548,4435,4435
2.604549,4134,4134
2.605549,3830,3830
2.606549,3532,3532
2.607549,3210,3210
2.60855,2893,2893
2.60955,2564,2564
2.61055,2274,2274
2.611551,1973,1973
2.612551,1670,1670
2.613552,1340,1340
2.6145519999999998,1032,1032
2.615552,667,667
2.616552,354,354
2.617552,37,37
2.6185519999999998,16078,16078
2.619553,15755,15755
2.620554,15428,15428
2.621555,15101,15101
2.622556,14729,14729
2.6235559999999998,14407,14407
2.624556,14062,14062
2.625556,13752,13752
2.626556,13432,13432
2.627557,13091,13091
2.628557,12770,12770
2.629557,12401,12401
2.630558,12080,12080
2.631558,11762,11762
2.632559,11451,11451
2.633559,11119,11119
2.63456,10810,10810
2.63556,10513,10513
2.63656,10169,10169
2.63756,9868,9868
2.638561,9543,9543
2.639562,9241,9241
2.640562,8938,8938
2.641562,8637,8637
2.642563,8306,8306
2.643564,7980,7980
2.644564,7647,7647
2.645564,7342,7342
2.646565,7033,7033
2.647566,6713,6713
2.648567,6409,6409
2.649568,6109,6109
2.650568,5769,5769
2.651569,5471,5471
2.65257,5172,5172
2.6535699999999998,4847,4847
2.654571,4546,4546
2.655571,4241,4241
2.656572,3915,3915
2.657572,3592,3592
2.658572,3292,3292
2.659572,2974,2974
2.660572,2679,2679
2.661572,2383,2383
2.662572,2057,2057
2.663573,1752,1752
2.664573,1428,1428
2.665574,1092,1092
2.6665739999999998,780,780
2.667575,442,442
2.668576,130,130
2.669576,16194,16194
2.670576,15869,15869
2.671576,15492,15492
2.672576,15171,15171
2.673576,14815,14815
2.674576,14496,14496
2.675576,14178,14178
2.676576,13859,13859
2.677576,13519,13519
2.678576,13175,13175
2.679577,12834,12834
2.680577,12515,12515
2.681578,12196,12196
2.682579,11854,11854
2.683579,11535,11535
2.68458,11226,11226
2.685581,10867,10867
2.686582,10570,10570
2.687583,10247,10247
2.688583,9949,9949
2.689584,9649,9649
2.690584,9351,9351
2.691585,9020,9020
2.692586,8694,8694
2.693586,8366,8366
2.694586,8059,8059
2.695586,7755,7755
2.696586,7448,7448
2.697586,7115,7115
2.698587,6814,6814
2.699587,6463,6463
2.700587,6166,6166
2.701588,5865,5865
2.702588,5549,5549
2.703588,5254,5254
2.7045879999999998,4956,4956
2.705589,4653,4653
2.706589,4303,4303
2.70759,4002,4002
2.70859,3677,3677
2.70959,3377,3377
2.71059,3083,3083
2.711591,2766,2766
2.712592,2468,2468
2.713593,2144,2144
2.714593,1821,1821
2.715594,1520,1520
2.716595,1211,1211
2.717596,873,873
2.718596,566,566
2.719596,250,250
2.720597,16264,16264
2.721598,15945,15945
2.7225989999999998,15596,15596
2.7236,15270,15270
2.7246,14945,14945
2.725601,14625,14625
2.726602,14280,14280
2.7276029999999998,13935,13935
2.728604,13598,13598
2.729604,13282,13282
2.730605,12964,12964
2.731605,12620,12620
2.732605,12302,12302
2.733605,11983,11983
2.734606,11615,11615
2.735607,11306,11306
2.736607,11001,11001
2.73761,10672,10672
2.73861,10347,10347
2.73961,10027,10027
2.7406099999999998,9702,9702
2.74161,9374,9374
2.742611,9074,9074
2.743612,8774,8774
2.744613,8439,8439
2.7456139999999998,8105,8105
2.746614,7753,7753
2.747614,7442,7442
2.748615,7135,7135
2.749615,6811,6811
2.750616,6510,6510
2.751616,6208,6208
2.752616,5913,5913
2.753616,5568,5568
2.754616,5271,5271
2.755616,4946,4946
2.756616,4645,4645
2.7576169999999998,4343,4343
2.758617,4013,4013
2.759618,3714,3714
2.760618,3368,3368
2.761618,3071,3071
2.762618,2773,2773
2.763618,2455,2455
2.764619,2160,2160
2.765619,1856,1856
2.766619,1553,1553
2.767619,1197,1197
2.768619,887,887
2.769619,548,548
2.770619,233,233
2.771619,16299,16299
2.77262,15979,15979
2.77362,15628,15628
2.77462,15277,15277
2.77562,14928,14928
2.776621,14606,14606
2.777622,14287,14287
2.778623,13945,13945
2.779623,13627,13627
2.780624,13309,13309
2.781624,12940,12940
2.7826239999999998,12621,12621
2.783624,12301,12301
2.784625,11956,11956
2.785626,11639,11639
2.786627,11327,11327
2.787627,10991,10991
2.788628,10670,10670
2.789629,10342,10342
2.79063,10044,10044
2.79163,9744,9744
2.792631,9442,9442
2.793631,9114,9114
2.794631,8808,8808
2.795631,8455,8455
2.796631,8155,8155
2.797631,7843,7843
2.798632,7515,7515
2.799632,7208,7208
2.800633,6905,6905
2.801633,6604,6604
2.802633,6252,6252
2.803634,5954,5954
2.8046349999999998,5632,5632
2.805636,5336,5336
2.806637,5040,5040
2.807637,4713,4713
2.808637,4408,4408
2.809637,4054,4054
2.810637,3757,3757
2.811637,3460,3460
2.812637,3158,3158
2.813637,2841,2841
2.814637,2545,2545
2.815637,2245,2245
2.816638,1898,1898
2.817639,1599,1599
2.81864,1260,1260
2.81964,954,954
2.820641,641,641
2.821641,328,328
2.822641,16367,16367
2.823641,16019,16019
2.824642,15669,15669
2.825643,15344,15344
2.826644,15015,15015
2.827645,14666,14666
2.828645,14349,14349
2.829645,14029,14029
2.830645,13658,13658
2.831646,13343,13343
2.832647,13029,13029
2.833647,12681,12681
2.834648,12361,12361
2.835648,12040,12040
2.836648,11700,11700
2.837649,11360,11360
2.83865,11051,11051
2.83965,10723,10723
2.84065,10423,10423
2.841651,10123,10123
2.842651,9801,9801
2.843651,9501,9501
2.844651,9147,9147
2.845652,8841,8841
2.846652,8540,8540
2.847652,8236,8236
2.848652,7903,7903
2.849653,7596,7596
2.850654,7293,7293
2.851655,6936,6936
2.852656,6634,6634
2.853656,6313,6313
2.854656,6014,6014
2.855657,5716,5716
2.856657,5418,5418
2.857658,5099,5099
2.858658,4771,4771
2.859658,4444,4444
2.860658,4142,4142
2.861659,3842,3842
2.862659,3515,3515
2.86366,3218,3218
2.8646599999999998,2925,2925
2.86566,2581,2581
2.86666,2279,2279
2.86766,1981,1981
2.868661,1655,1655
2.869662,1348,1348
2.870662,1040,1040
2.871662,703,703
2.872663,367,367
2.8736639999999998,24,24
2.874664,16085,16085
2.875664,15763,15763
2.876665,15437,15437
2.877666,15083,15083
2.878667,14764,14764
2.879668,14389,14389
2.880669,14069,14069
2.88167,13755,13755
2.88267,13414,13414
2.88367,13094,13094
2.884671,12779,12779
2.885671,12459,12459
2.886672,12086,12086
2.887672,11767,11767
2.888672,11431,11431
2.889673,11125,11125
2.890674,10818,10818
2.891674,10492,10492
2.892675,10196,10196
2.893675,9850,9850
2.894675,9547,9547
2.8956749999999998,9247,9247
2.896675,8946,8946
2.897675,8619,8619
2.898675,8310,8310
2.899675,8010,8010
2.900676,7648,7648
2.901676,7343,7343
2.902677,7017,7017
2.903677,6715,6715
2.904677,6415,6415
2.905678,6117,6117
2.906678,5793,5793
2.907679,5474,5474
2.908681,5150,5150
2.909681,4850,4850
2.910682,4554,4554
2.911682,4225,4225
2.9126819999999998,3925,3925
2.913682,3624,3624
2.914682,3280,3280
2.915682,2979,2979
2.916683,2688,2688
2.917683,2367,2367
2.918684,2065,2065
2.919684,1768,1768
2.920685,1439,1439
2.921686,1108,1108
2.922686,795,795
2.923686,456,456
2.924687,144,144
2.925687,16209,16209
2.926687,15857,15857
2.927687,15536,15536
2.928687,15161,15161
2.929688,14835,14835
2.930689,14514,14514
2.93169,14195,14195
2.932691,13854,13854
2.933691,13538,13538
2.934691,13223,13223
2.935691,12854,12854
2.936692,12536,12536
2.937692,12190,12190
2.938692,11871,11871
2.939692,11560,11560
2.940692,11222,11222
2.941692,10919,10919
2.942692,10595,10595
2.943692,10272,10272
2.944693,9973,9973
2.945693,9676,9676
2.946693,9348,9348
2.947693,9048,9048
2.948693,8747,8747
2.949693,8393,8393
2.950693,8088,8088
2.951693,7788,7788
2.952693,7453,7453
2.953693,7152,7152
2.954694,6846,6846
2.955694,6519,6519
2.956695,6201,6201
2.957697,5877,5877
2.958698,5580,5580
2.959698,5284,5284
2.960699,4964,4964
2.961699,4662,4662
2.9627,4356,4356
2.9637,4011,4011
2.9647,3709,3709
2.965701,3414,3414
2.966701,3091,3091
2.967701,2800,2800
2.968701,2503,2503
2.969701,2207,2207
2.970702,1859,1859
2.971702,1556,1556
2.972702,1225,1225
2.973703,913,913
2.974703,604,604
2.9757029999999998,264,264
2.976703,16328,16328
2.977703,15959,15959
2.978704,15640,15640
2.979705,15314,15314
2.980705,14986,14986
2.981706,14640,14640
2.982707,14323,14323
2.983707,14006,14006
2.9847069999999998,13637,13637
2.985707,13326,13326
2.986708,12984,12984
2.987708,12663,12663
2.988708,12349,12349
2.989709,12030,12030
2.99071,11687,11687
2.991711,11350,11350
2.992712,11022,11022
2.993712,10720,10720
2.994712,10420,10420
2.995713,10100,10100
2.996713,9805,9805
2.997713,9501,9501
2.998713,9152,9152
2.999713,8851,8851
3.000713,8547,8547
3.0017139999999998,8220,8220
3.002715,7915,7915
3.003715,7611,7611
3.004715,7277,7277
3.005716,6950,6950
3.006716,6625,6625
3.007716,6326,6326
3.008716,6029,6029
3.009716,5732,5732
3.010717,5416,5416
3.011717,5118,5118
3.012717,4769,4769
3.013717,4471,4471
3.014717,4169,4169
3.015717,3868,3868
3.016717,3545,3545
3.0177169999999998,3251,3251
3.018717,2954,2954
3.019717,2616,2616
3.020717,2318,2318
3.021718,1995,1995
3.022718,1695,1695
3.023719,1389,1389
3.024719,1060,1060
3.025719,748,748
3.026719,410,410
3.027719,73,73
3.028719,16139,16139
3.02972,15815,15815
3.0307209999999998,15467,15467
3.031721,15142,15142
3.032721,14820,14820
3.033721,14446,14446
3.034721,14132,14132
3.035721,13818,13818
3.036721,13473,13473
3.037722,13156,13156
3.038723,12841,12841
3.039723,12497,12497
3.040723,12152,12152
3.041723,11805,11805
3.0427239999999998,11497,11497
3.043724,11182,11182
3.044724,10877,10877
3.045724,10554,10554
3.046725,10258,10258
3.047725,9906,9906
3.048725,9613,9613
3.049725,9311,9311
3.050725,8984,8984
3.051725,8679,8679
3.052726,8377,8377
3.053727,8050,8050
3.054728,7715,7715
3.055729,7410,7410
3.056729,7082,7082
3.057729,6780,6780
3.05873,6479,6479
3.059731,6157,6157
3.060732,5861,5861
3.061732,5515,5515
3.062732,5218,5218
3.063732,4919,4919
3.064733,4621,4621
3.065733,4292,4292
3.066733,3991,3991
3.067733,3698,3698
3.068734,3344,3344
3.069735,3051,3051
3.070736,2730,2730
3.071736,2438,2438
3.072736,2138,2138
3.073737,1833,1833
3.074737,1512,1512
3.075738,1179,1179
3.076738,844,844
3.077738,531,531
3.078738,218,218
3.079738,16258,16258
3.080738,15934,15934
3.081739,15615,15615
3.082739,15230,15230
3.083739,14910,14910
3.08474,14587,14587
3.085741,14242,14242
3.086741,13922,13922
3.087742,13606,13606
3.088743,13266,13266
3.089743,12923,12923
3.090744,12603,12603
3.091745,12256,12256
3.092746,11914,11914
3.093746,11572,11572
3.094747,11229,11229
3.095748,10902,10902
3.096749,10603,10603
3.097749,10304,10304
3.098749,9980,9980
3.09975,9683,9683
3.100751,9381,9381
3.101752,9075,9075
3.102753,8726,8726
3.103754,8422,8422
3.104755,8088,8088
3.105755,7785,7785
3.106755,7479,7479
3.107755,7148,7148
3.108755,6842,6842
3.109755,6498,6498
3.110755,6199,6199
3.111755,5898,5898
3.112755,5602,5602
3.113755,5281,5281
3.114756,4986,4986
3.115756,4683,4683
3.116756,4333,4333
3.117757,4031,4031
3.118757,3728,3728
3.119757,3406,3406
3.120758,3110,3110
3.121759,2819,2819
3.122759,2495,2495
3.12376,2171,2171
3.1247599999999998,1848,1848
3.12576,1543,1543
3.12676,1236,1236
3.12776,903,903
3.1287599999999998,588,588
3.12976,276,276
3.13076,16287,16287
3.13176,15968,15968
3.1327599999999998,15642,15642
3.133761,15291,15291
3.134761,14969,14969
3.135761,14647,14647
3.136761,14297,14297
3.137761,13953,13953
3.138761,13612,13612
3.139762,13296,13296
3.140762,12975,12975
3.141763,12656,12656
3.142764,12317,12317
3.143765,11993,11993
3.144766,11624,11624
3.1457669999999998,11313,11313
3.146767,11005,11005
3.147767,10705,10705
3.148767,10377,10377
3.149768,10085,10085
3.150768,9782,9782
3.151768,9433,9433
3.152769,9130,9130
3.15377,8807,8807
3.1547709999999998,8498,8498
3.155771,8194,8194
3.156771,7893,7893
3.157771,7556,7556
3.1587709999999998,7226,7226
3.159771,6897,6897
3.160772,6597,6597
3.161772,6294,6294
3.162772,5974,5974
3.163772,5678,5678
3.164773,5383,5383
3.165774,5031,5031
3.166774,4733,4733
3.167774,4435,4435
3.168774,4100,4100
3.169775,3804,3804
3.170776,3506,3506
3.171777,3183,3183
3.172777,2863,2863
3.173777,2543,2543
3.174778,2248,2248
3.175779,1945,1945
3.176779,1642,1642
3.177779,1311,1311
3.178779,1005,1005
3.179779,640,640
3.180779,330,330
3.18178,14,14
3.18278,16051,16051
3.183781,15725,15725
3.184781,15401,15401
3.185782,15078,15078
3.186782,14699,14699
3.187782,14378,14378
3.188782,14037,14037
3.189782,13719,13719
3.190782,13403,13403
3.191783,13064,13064
3.192783,12745,12745
3.193784,12398,12398
3.194785,12053,12053
3.195786,11736,11736
3.196786,11423,11423
3.197786,11084,11084
3.198787,10786,10786
3.199788,10488,10488
3.200788,10139,10139
3.2017889999999998,9837,9837
3.20279,9513,9513
3.20379,9211,9211
3.20479,8910,8910
3.205791,8608,8608
3.206791,8282,8282
3.207791,7948,7948
3.208791,7614,7614
3.209791,7310,7310
3.210792,7008,7008
3.211792,6677,6677
3.212792,6379,6379
3.2137919999999998,6084,6084
3.214792,5737,5737
3.215792,5439,5439
3.216792,5142,5142
3.217793,4816,4816
3.218793,4517,4517
3.219794,4213,4213
3.220795,3890,3890
3.221796,3563,3563
3.2227959999999998,3239,3239
3.223796,2946,2946
3.224796,2658,2658
3.225797,2357,2357
3.226797,2032,2032
3.227797,1732,1732
3.228797,1372,1372
3.229797,1066,1066
3.230798,758,758
3.231798,419,419
3.232798,100,100
3.233799,16168,16168
3.2347989999999998,15849,15849
3.235799,15466,15466
3.236799,15144,15144
3.237799,14793,14793
3.2387989999999998,14472,14472
3.239799,14152,14152
3.240799,13837,13837
3.2418,13499,13499
3.242801,13131,13131
3.243802,12808,12808
3.244802,12495,12495
3.245803,12174,12174
3.246803,11831,11831
3.2478029999999998,11513,11513
3.248803,11203,11203
3.249803,10854,10854
3.250803,10552,10552
3.251804,10256,10256
3.252805,9936,9936
3.253805,9638,9638
3.254805,9330,9330
3.255805,9005,9005
3.256806,8678,8678
3.257807,8349,8349
3.258808,8046,8046
3.259808,7741,7741
3.260808,7436,7436
3.261808,7104,7104
3.262808,6803,6803
3.263809,6455,6455
3.2648099999999998,6156,6156
3.26581,5858,5858
3.26681,5538,5538
3.26781,5242,5242
3.268811,4946,4946
3.269811,4618,4618
3.270811,4295,4295
3.271811,3992,3992
3.272812,3668,3668
3.273812,3367,3367
3.274812,3077,3077
3.275812,2758,2758
3.276812,2461,2461
3.277812,2116,2116
3.278812,1814,1814
3.279812,1506,1506
3.280812,1204,1204
3.281812,872,872
3.282813,561,561
3.283814,245,245
3.284814,16269,16269
3.285814,15944,15944
3.286814,15617,15617
3.287814,15269,15269
3.288815,14949,14949
3.289816,14594,14594
3.290816,14276,14276
3.291817,13937,13937
3.292817,13598,13598
3.293818,13281,13281
3.294818,12967,12967
3.295818,12625,12625
3.296818,12302,12302
3.297818,11983,11983
3.298818,11618,11618
3.299818,11306,11306
3.300819,10999,10999
3.301819,10673,10673
3.302819,10381,10381
3.303819,10083,10083
3.30482,9756,9756
3.305821,9433,9433
3.306822,9110,9110
3.307822,8803,8803
3.308822,8502,8502
3.309822,8202,8202
3.310823,7868,7868
3.311824,7562,7562
3.312825,7208,7208
3.313825,6906,6906
3.314826,6605,6605
3.315826,6282,6282
3.316826,5986,5986
3.317827,5691,5691
3.318827,5394,5394
3.319827,5051,5051
3.320828,4750,4750
3.321828,4423,4423
3.322828,4122,4122
3.323829,3823,3823
3.32483,3499,3499
3.325831,3202,3202
3.326832,2863,2863
3.327832,2569,2569
3.328832,2271,2271
3.329832,1970,1970
3.330833,1645,1645
3.331834,1343,1343
3.3328349999999998,1035,1035
3.333835,675,675
3.334836,362,362
3.335836,17,17
3.336836,16085,16085
3.337836,15759,15759
3.338836,15441,15441
3.339836,15085,15085
3.340837,14735,14735
3.341837,14392,14392
3.342837,14074,14074
3.343837,13755,13755
3.344838,13417,13417
3.345838,13101,13101
3.346838,12785,12785
3.347839,12408,12408
3.348839,12094,12094
3.34984,11777,11777
3.35084,11434,11434
3.35184,11129,11129
3.352841,10828,10828
3.3538419999999998,10503,10503
3.354843,10180,10180
3.355843,9855,9855
3.356843,9560,9560
3.357843,9256,9256
3.358844,8953,8953
3.359845,8624,8624
3.360846,8323,8323
3.361846,7969,7969
3.362846,7663,7663
3.363846,7358,7358
3.364846,7054,7054
3.365846,6725,6725
3.366846,6429,6429
3.367847,6128,6128
3.368847,5784,5784
3.369848,5491,5491
3.370848,5170,5170
3.371849,4872,4872
3.372849,4568,4568
3.37385,4269,4269
3.37485,3940,3940
3.37585,3593,3593
3.37685,3297,3297
3.37785,3006,3006
3.37885,2709,2709
3.379851,2387,2387
3.380852,2092,2092
3.381853,1790,1790
3.382853,1432,1432
3.3838529999999998,1129,1129
3.384854,822,822
3.385854,481,481
3.386854,168,168
3.387855,16234,16234
3.388856,15886,15886
3.389856,15533,15533
3.390856,15183,15183
3.3918559999999998,14864,14864
3.392857,14541,14541
3.393857,14222,14222
3.394857,13879,13879
3.395857,13564,13564
3.396858,13197,13197
3.397859,12880,12880
3.39886,12561,12561
3.399861,12216,12216
3.400861,11896,11896
3.401861,11581,11581
3.402861,11251,11251
3.403862,10914,10914
3.404862,10616,10616
3.405862,10294,10294
3.406862,9998,9998
3.407862,9696,9696
3.408863,9374,9374
3.409863,9070,9070
3.410863,8717,8717
3.411864,8415,8415
3.412864,8111,8111
3.413865,7807,7807
3.414865,7475,7475
3.415866,7167,7167
3.416866,6868,6868
3.417866,6518,6518
3.418867,6215,6215
3.419867,5919,5919
3.420867,5601,5601
3.421868,5304,5304
3.422869,4980,4980
3.423869,4679,4679
3.42487,4356,4356
3.425871,4024,4024
3.426871,3724,3724
3.427871,3428,3428
3.428871,3108,3108
3.429872,2811,2811
3.430873,2515,2515
3.431874,2167,2167
3.432875,1866,1866
3.433875,1565,1565
3.434875,1233,1233
3.435876,921,921
3.436876,612,612
3.437877,272,272
3.438878,16313,16313
3.439879,15992,15992
3.44088,15641,15641
3.44188,15313,15313
3.44288,14992,14992
3.44388,14640,14640
3.44488,14322,14322
3.44588,13954,13954
3.44688,13634,13634
3.44788,13320,13320
3.44888,12980,12980
3.44988,12658,12658
3.45088,12339,12339
3.45188,12020,12020
3.45288,11654,11654
3.45388,11339,11339
3.45488,11009,11009
3.45588,10705,10705
3.45688,10405,10405
3.457881,10085,10085
3.458881,9784,9784
3.4598809999999998,9462,9462
3.460881,9135,9135
3.461881,8828,8828
3.462882,8501,8501
3.463882,8175,8175
3.464882,7864,7864
3.465883,7508,7508
3.466884,7203,7203
3.467884,6874,6874
3.468884,6570,6570
3.469885,6273,6273
3.470886,5979,5979
3.471886,5652,5652
3.472886,5331,5331
3.473887,5009,5009
3.474887,4710,4710
3.475887,4409,4409
3.476888,4080,4080
3.477888,3780,3780
3.478888,3477,3477
3.479889,3138,3138
3.48089,2844,2844
3.481891,2545,2545
3.482892,2223,2223
3.483892,1923,1923
3.484892,1621,1621
3.485893,1289,1289
3.486893,952,952
3.487894,620,620
3.488895,303,303
3.489895,16369,16369
3.490895,16050,16050
3.491895,15703,15703
3.492895,15376,15376
3.493895,14997,14997
3.494895,14673,14673
3.495895,14354,14354
3.496895,14011,14011
3.497896,13694,13694
3.498896,13381,13381
3.499896,13063,13063
3.500896,12687,12687
3.501897,12372,12372
3.502897,12026,12026
3.503897,11706,11706
3.504897,11392,11392
3.505897,11063,11063
3.506898,10760,10760
3.507901,10411,10411
3.508901,10090,10090
3.509902,9788,9788
3.510902,9459,9459
3.511902,9157,9157
3.512902,8858,8858
3.513902,8501,8501
3.514902,8199,8199
3.515902,7867,7867
3.516903,7561,7561
3.517903,7202,7202
3.518904,6899,6899
3.519904,6550,6550
3.520905,6250,6250
3.521906,5951,5951
3.522907,5654,5654
3.523908,5335,5335
3.524909,5034,5034
3.525909,4734,4734
3.526909,4384,4384
3.527909,4079,4079
3.528909,3756,3756
3.529909,3456,3456
3.53091,3161,3161
3.53191,2861,2861
3.532911,2543,2543
3.533912,2221,2221
3.534912,1897,1897
3.535913,1590,1590
3.536914,1290,1290
3.537914,956,956
3.538915,642,642
3.539915,327,327
3.540916,16342,16342
3.541916,16024,16024
3.542917,15698,15698
3.543917,15348,15348
3.544918,15026,15026
3.545918,14699,14699
3.546919,14352,14352
3.54792,14010,14010
3.54892,13668,13668
3.54992,13352,13352
3.55092,13034,13034
3.551921,12688,12688
3.552921,12369,12369
3.553921,12049,12049
3.5549209999999998,11682,11682
3.555921,11368,11368
3.556921,11060,11060
3.557921,10731,10731
3.558922,10432,10432
3.559923,10134,10134
3.560924,9835,9835
3.561924,9483,9483
3.562925,9182,9182
3.563926,8854,8854
3.564926,8549,8549
3.565927,8248,8248
3.566927,7940,7940
3.567927,7603,7603
3.568927,7246,7246
3.569928,6945,6945
3.570928,6642,6642
3.5719279999999998,6341,6341
3.572928,6018,6018
3.573928,5724,5724
3.574929,5426,5426
3.575929,5077,5077
3.576929,4780,4780
3.577929,4476,4476
3.578929,4147,4147
3.579929,3846,3846
3.580929,3547,3547
3.581929,3222,3222
3.58293,2902,2902
3.58393,2586,2586
3.58493,2284,2284
3.58593,1988,1988
3.58693,1681,1681
3.58793,1354,1354
3.58893,1042,1042
3.58993,678,678
3.59093,367,367
3.59193,50,50
3.59293,16084,16084
3.59393,15759,15759
3.59493,15440,15440
3.59593,15083,15083
3.596931,14733,14733
3.597932,14412,14412
3.598932,14068,14068
3.599933,13748,13748
3.600933,13433,13433
3.601933,13090,13090
3.602933,12774,12774
3.603933,12397,12397
3.604933,12081,12081
3.605934,11761,11761
3.606934,11445,11445
3.607934,11110,11110
3.608934,10807,10807
3.609934,10507,10507
3.610934,10160,10160
3.611935,9859,9859
3.612936,9534,9534
3.613937,9229,9229
3.614937,8924,8924
3.615937,8622,8622
3.616937,8290,8290
3.617937,7958,7958
3.618937,7629,7629
3.619937,7326,7326
3.6209379999999998,7017,7017
3.621939,6689,6689
3.622939,6390,6390
3.623939,6093,6093
3.624939,5742,5742
3.625939,5445,5445
3.626939,5151,5151
3.62794,4825,4825
3.628941,4522,4522
3.629941,4220,4220
3.630941,3895,3895
3.631941,3567,3567
3.632941,3244,3244
3.633941,2952,2952
3.634941,2655,2655
3.635941,2358,2358
3.6369409999999998,2032,2032
3.637941,1733,1733
3.638941,1374,1374
3.639941,1065,1065
3.6409409999999998,760,760
3.641941,418,418
3.642941,95,95
3.643941,16165,16165
3.6449409999999998,15844,15844
3.645941,15463,15463
3.646941,15137,15137
3.647942,14789,14789
3.648943,14468,14468
3.649943,14144,14144
3.650943,13804,13804
3.651944,13488,13488
3.652945,13122,13122
3.6539449999999998,12798,12798
3.654946,12480,12480
3.655946,12162,12162
3.656947,11814,11814
3.657948,11503,11503
3.658948,11194,11194
3.659948,10833,10833
3.660948,10530,10530
3.6619479999999998,10234,10234
3.662948,9910,9910
3.663948,9603,9603
3.664948,9303,9303
3.6659479999999998,8977,8977
3.666949,8647,8647
3.667949,8313,8313
3.668949,8008,8008
3.669949,7702,7702
3.670949,7388,7388
3.671949,7059,7059
3.67295,6755,6755
3.67395,6406,6406
3.67495,6103,6103
3.67595,5805,5805
3.67695,5483,5483
3.67795,5183,5183
3.67895,4883,4883
3.679951,4557,4557
3.680952,4228,4228
3.681952,3922,3922
3.682952,3597,3597
3.683953,3298,3298
3.684953,3004,3004
3.685953,2679,2679
3.686954,2382,2382
3.687954,2032,2032
3.688955,1729,1729
3.689955,1425,1425
3.690956,1114,1114
3.691956,776,776
3.692956,463,463
3.693957,146,146
3.694957,16161,16161
3.695957,15833,15833
3.696957,15481,15481
3.697957,15157,15157
3.698957,14831,14831
3.699958,14506,14506
3.700958,14164,14164
3.701959,13820,13820
3.702959,13473,13473
3.703959,13154,13154
3.704959,12836,12836
3.705959,12488,12488
3.70696,12164,12164
3.70796,11844,11844
3.70896,11478,11478
3.70996,11166,11166
3.710961,10858,10858
3.7119619999999998,10533,10533
3.712962,10235,10235
3.713963,9930,9930
3.714963,9605,9605
3.715963,9279,9279
3.716963,8948,8948
3.717964,8642,8642
3.718964,8310,8310
3.719964,7982,7982
3.720964,7672,7672
3.721965,7309,7309
3.722965,7006,7006
3.723965,6702,6702
3.724965,6372,6372
3.725965,6027,6027
3.726965,5703,5703
3.727965,5403,5403
3.728965,5077,5077
3.729965,4778,4778
3.730965,4473,4473
3.731965,4170,4170
3.732965,3839,3839
3.733965,3542,3542
3.734966,3194,3194
3.735966,2896,2896
3.736967,2602,2602
3.737967,2276,2276
3.738967,1974,1974
3.739968,1674,1674
3.740968,1367,1367
3.741968,1002,1002
3.742968,691,691
3.743969,351,351
3.7449689999999998,36,36
3.74597,16096,16096
3.74697,15745,15745
3.747971,15423,15423
3.748971,15067,15067
3.749972,14716,14716
3.750973,14396,14396
3.751973,14078,14078
3.752973,13732,13732
3.753973,13416,13416
3.754973,13099,13099
3.755973,12724,12724
3.756974,12403,12403
3.757974,12060,12060
3.758974,11744,11744
3.759975,11430,11430
3.760975,11118,11118
3.761975,10792,10792
3.762975,10464,10464
3.763976,10142,10142
3.764977,9842,9842
3.765977,9541,9541
3.766977,9238,9238
3.767977,8908,8908
3.768978,8604,8604
3.769978,8250,8250
3.770979,7943,7943
3.771979,7637,7637
3.772979,7305,7305
3.77398,7000,7000
3.77498,6699,6699
3.77598,6399,6399
3.77698,6050,6050
3.777981,5751,5751
3.778982,5431,5431
3.779982,5134,5134
3.780982,4837,4837
3.781983,4506,4506
3.782984,4204,4204
3.783984,3854,3854
3.784984,3554,3554
3.785984,3259,3259
3.786984,2962,2962
3.787984,2646,2646
3.788985,2344,2344
3.789986,2045,2045
3.790986,1695,1695
3.791986,1389,1389
3.792987,1058,1058
3.793987,746,746
3.794988,432,432
3.795988,115,115
3.796989,16155,16155
3.797989,15808,15808
3.798989,15457,15457
3.799989,15128,15128
3.80099,14807,14807
3.80199,14460,14460
3.80299,14139,14139
3.803991,13824,13824
3.804991,13461,13461
3.805991,13138,13138
3.806991,12821,12821
3.807991,12477,12477
3.808992,12157,12157
3.809992,11838,11838
3.810992,11496,11496
3.811992,11162,11162
3.812992,10859,10859
3.813992,10533,10533
3.814992,10233,10233
3.815992,9937,9937
3.816992,9608,9608
3.817992,9303,9303
3.818993,8954,8954
3.819994,8649,8649
3.820994,8341,8341
3.821995,8012,8012
3.822996,7705,7705
3.823996,7395,7395
3.8249969999999998,7089,7089
3.825998,6734,6734
3.826998,6438,6438
3.827998,6111,6111
3.828998,5813,5813
3.829998,5520,5520
3.830999,5190,5190
3.831999,4892,4892
3.832999,4566,4566
3.833999,4235,4235
3.835,3932,3932
3.836,3629,3629
3.837,3312,3312
3.838,3016,3016
3.839,2719,2719
3.84,2372,2372
3.841,2073,2073
3.842,1745,1745
3.843001,1443,1443
3.844001,1136,1136
3.845001,823,823
3.846002,482,482
3.847002,142,142
3.848002,16179,16179
3.849002,15853,15853
3.850003,15529,15529
3.851003,15180,15180
3.852003,14856,14856
3.853003,14530,14530
3.854003,14159,14159
3.855004,13844,13844
3.856004,13521,13521
3.857004,13179,13179
3.858005,12861,12861
3.859005,12542,12542
3.860005,12193,12193
3.861006,11846,11846
3.862006,11529,11529
3.863006,11193,11193
3.864006,10886,10886
3.865006,10586,10586
3.866006,10265,10265
3.867007,9965,9965
3.868007,9610,9610
3.869008,9312,9312
3.870008,9005,9005
3.871008,8701,8701
3.872009,8368,8368
3.87301,8065,8065
3.874011,7755,7755
3.8750109999999998,7396,7396
3.876012,7093,7093
3.877012,6762,6762
3.878012,6460,6460
3.879012,6161,6161
3.880013,5841,5841
3.881014,5541,5541
3.882014,5217,5217
3.883014,4894,4894
3.8840149999999998,4590,4590
3.885015,4287,4287
3.886016,3960,3960
3.887016,3661,3661
3.888016,3356,3356
3.889017,3017,3017
3.890017,2716,2716
3.891018,2420,2420
3.892019,2093,2093
3.89302,1792,1792
3.89402,1489,1489
3.895021,1155,1155
3.896021,816,816
3.897021,481,481
3.898022,162,162
3.899022,16225,16225
3.900022,15904,15904
3.9010219999999998,15552,15552
3.902022,15227,15227
3.903023,14844,14844
3.904023,14524,14524
3.905023,14205,14205
3.906023,13860,13860
3.907024,13542,13542
3.908024,13225,13225
3.909025,12910,12910
3.910025,12533,12533
3.911025,12216,12216
3.912025,11870,11870
3.913025,11553,11553
3.914025,11239,11239
3.915026,10910,10910
3.916026,10608,10608
3.917026,10259,10259
3.918026,9962,9962
3.919027,9661,9661
3.920027,9358,9358
3.921027,9030,9030
3.922027,8728,8728
3.923027,8424,8424
3.924027,8066,8066
3.925028,7762,7762
3.926028,7428,7428
3.927029,7122,7122
3.928029,6818,6818
3.929029,6517,6517
3.9300289999999998,6194,6194
3.93103,5869,5869
3.932031,5549,5549
3.933032,5252,5252
3.934032,4952,4952
3.935032,4624,4624
3.936032,4319,4319
3.937033,4023,4023
3.9380330000000003,3668,3668
3.939034,3369,3369
3.9400340000000003,3075,3075
3.941035,2755,2755
3.942035,2461,2461
3.943037,2163,2163
3.9440370000000002,1839,1839
3.945039,1505,1505
3.9460390000000003,1177,1177
3.947041,867,867
3.9480410000000004,554,554
3.949043,238,238
3.9500430000000004,16275,16275
3.951044,15959,15959
3.9520440000000003,15582,15582
3.953045,15252,15252
3.9540450000000003,14929,14929
3.955046,14585,14585
3.956046,14264,14264
3.9570469999999998,13946,13946
3.958047,13631,13631
3.9590479999999997,13261,13261
3.960049,12944,12944
3.9610600000000002,12599,12599
3.962061,12281,12281
3.9630620000000003,11961,11961
3.964064,11621,11621
3.9650649999999996,11309,11309
3.966066,10976,10976
3.967068,10651,10651
3.9680760000000004,10347,10347
3.969077,10056,10056
3.9700770000000003,9731,9731
3.971078,9427,9427
3.972078,9128,9128
3.97308,8775,8775
3.9740800000000003,8467,8467
3.975082,8137,8137
3.9760820000000003,7834,7834
3.977084,7529,7529
3.9780849999999996,7222,7222
3.979085,6891,6891
3.9800850000000003,6569,6569
3.981086,6239,6239
3.9820860000000002,5942,5942
3.983087,5647,5647
3.9840880000000003,5326,5326
3.98509,5028,5028
3.9860900000000004,4728,4728
3.987092,4378,4378
3.9880920000000004,4072,4072
3.989093,3772,3772
3.9900930000000003,3449,3449
3.991094,3154,3154
3.9920940000000003,2857,2857
3.993095,2536,2536
3.994095,2218,2218
3.9950959999999998,1918,1918
3.996096,1588,1588
3.9970969999999997,1284,1284
3.998097,975,975
3.9990979999999996,636,636
4.0000990000000005,323,323
4.001099000000001,16341,16341
4.0021,16017,16017
4.003100000000001,15699,15699
4.004101,15374,15374
4.005102000000001,15025,15025
4.006103,14700,14700
4.007103000000001,14379,14379
4.008104,14010,14010
4.009105000000001,13696,13696
4.010106,13355,13355
4.011106000000001,13039,13039
4.0121080000000005,12723,12723
4.013108000000001,12375,12375
4.014109,12055,12055
4.015109000000001,11716,11716
4.01611,11382,11382
4.017110000000001,11069,11069
4.018111,10770,10770
4.019112000000001,10449,10449
4.020113,10151,10151
4.021113000000001,9853,9853
4.022114,9507,9507
4.0231140000000005,9203,9203
4.024114000000001,8900,8900
4.025115,8574,8574
4.026115000000001,8274,8274
4.027116,7968,7968
4.028117000000001,7634,7634
4.029118,7309,7309
4.030118000000001,7005,7005
4.031119,6678,6678
4.032120000000001,6379,6379
4.0331220000000005,6059,6059
4.034123,5764,5764
4.0351230000000005,5469,5469
4.036123000000001,5123,5123
4.037124,4828,4828
4.038124000000001,4524,4524
4.039125,4200,4200
4.040125000000001,3896,3896
4.041126,3598,3598
4.0421260000000006,3304,3304
4.043127,2959,2959
4.0441270000000005,2670,2670
4.045128,2347,2347
4.046128,2046,2046
4.047129000000001,1749,1749
4.048131000000001,1423,1423
4.049132,1113,1113
4.0501320000000005,754,754
4.051133,443,443
4.052134000000001,126,126
4.053136,16194,16194
4.054136000000001,15848,15848
4.055138,15528,15528
4.056138000000001,15204,15204
4.057139,14824,14824
4.058139000000001,14509,14509
4.05914,14162,14162
4.0601400000000005,13847,13847
4.061140000000001,13534,13534
4.0621410000000004,13221,13221
4.063141000000001,12877,12877
4.064142,12532,12532
4.065143000000001,12192,12192
4.066144,11873,11873
4.067145,11560,11560
4.068145,11224,11224
4.069145000000001,10923,10923
4.070146,10624,10624
4.071147000000001,10277,10277
4.072148,9980,9980
4.073148000000001,9684,9684
4.074149,9358,9358
4.075150000000001,9056,9056
4.076151,8757,8757
4.077151000000001,8428,8428
4.078152,8099,8099
4.079153000000001,7794,7794
4.080154,7466,7466
4.081155000000001,7158,7158
4.082156,6858,6858
4.083156000000001,6536,6536
4.084158,6237,6237
4.085158000000001,5893,5893
4.086159,5599,5599
4.087160000000001,5308,5308
4.088161,4981,4981
4.089161000000001,4685,4685
4.090162,4385,4385
4.091163000000001,4080,4080
4.092164,3734,3734
4.093164000000001,3438,3438
4.094166,3120,3120
4.095167,2827,2827
4.0961680000000005,2532,2532
4.097169,2234,2234
4.0981700000000005,1919,1919
4.099171,1585,1585
4.1001710000000005,1261,1261
4.101171000000001,955,955
4.1021730000000005,643,643
4.103174,301,301
4.104174,16374,16374
4.105174000000001,16057,16057
4.1061760000000005,15683,15683
4.107177,15360,15360
4.108177,15041,15041
4.109177000000001,14690,14690
4.110178,14373,14373
4.111179000000001,14056,14056
4.11218,13719,13719
4.113181000000001,13377,13377
4.1141820000000004,13036,13036
4.115183,12720,12720
4.116183,12401,12401
4.117183000000001,12083,12083
4.118185,11740,11740
4.119185000000001,11430,11430
4.120186,11071,11071
4.121186000000001,10770,10770
4.122187,10473,10473
4.123187000000001,10151,10151
4.124188,9857,9857
4.1251880000000005,9556,9556
4.126188000000001,9259,9259
4.127189,8903,8903
4.128189000000001,8602,8602
4.12919,8277,8277
4.130191000000001,7973,7973
4.131193000000001,7665,7665
4.132195,7337,7337
4.133195000000001,7032,7032
4.134196,6682,6682
4.1351960000000005,6383,6383
4.136197,6089,6089
4.137198000000001,5793,5793
4.138199,5476,5476
4.139200000000001,5179,5179
4.140201,4880,4880
4.141201000000001,4533,4533
4.142202,4230,4230
4.1432020000000005,3904,3904
4.144202000000001,3611,3611
4.1452040000000006,3312,3312
4.146205,3018,3018
4.1472050000000005,2702,2702
4.148205000000001,2383,2383
4.149206,2064,2064
4.150207,1756,1756
4.151207,1459,1459
4.152207000000001,1127,1127
4.153209,817,817
4.154209000000001,507,507
4.15521,144,144
4.156211000000001,16208,16208
4.157212,15887,15887
4.158212000000001,15539,15539
4.159213,15213,15213
4.160213000000001,14891,14891
4.161214,14544,14544
4.1622140000000005,14202,14202
4.163214000000001,13854,13854
4.164215,13543,13543
4.165216,13228,13228
4.1662170000000005,12881,12881
4.167217000000001,12541,12541
4.168219000000001,12170,12170
4.16922,11852,11852
4.1702200000000005,11535,11535
4.171220000000001,11200,11200
4.172221,10904,10904
4.173222,10601,10601
4.174222,10300,10300
4.175223000000001,9955,9955
4.1762250000000005,9658,9658
4.177226,9331,9331
4.178227000000001,9032,9032
4.179228,8733,8733
4.180229000000001,8402,8402
4.18123,8100,8100
4.182230000000001,7768,7768
4.183232,7437,7437
4.184232000000001,7133,7133
4.185234,6830,6830
4.186234000000001,6508,6508
4.187235,6211,6211
4.188236000000001,5916,5916
4.189237,5568,5568
4.190237000000001,5276,5276
4.191238,4953,4953
4.192238000000001,4650,4650
4.19324,4353,4353
4.194241000000001,4054,4054
4.195242,3729,3729
4.196243000000001,3404,3404
4.197244,3089,3089
4.198244000000001,2794,2794
4.199245,2495,2495
4.200245000000001,2178,2178
4.201247,1882,1882
4.202247000000001,1576,1576
4.2032490000000005,1221,1221
4.204249000000001,915,915
4.20525,606,606
4.206250000000001,265,265
4.207251,16334,16334
4.208251000000001,16017,16017
4.209252,15666,15666
4.210253000000001,15318,15318
4.211255,14968,14968
4.212256,14647,14647
4.213256,14329,14329
4.214256000000001,14013,14013
4.215257,13677,13677
4.216258000000001,13359,13359
4.2172600000000005,12991,12991
4.218260000000001,12677,12677
4.219261,12354,12354
4.220261000000001,12039,12039
4.221262,11697,11697
4.222263000000001,11388,11388
4.2232650000000005,11081,11081
4.224265000000001,10731,10731
4.2252670000000006,10432,10432
4.226268,10134,10134
4.2272680000000005,9815,9815
4.228268000000001,9516,9516
4.229269,9219,9219
4.230270000000001,8888,8888
4.2312710000000004,8561,8561
4.232271000000001,8232,8232
4.233272,7931,7931
4.234272000000001,7626,7626
4.235273,7296,7296
4.236273000000001,7000,7000
4.237275,6695,6695
4.238275000000001,6344,6344
4.239277,6051,6051
4.240278,5756,5756
4.241278,5435,5435
4.242278000000001,5138,5138
4.243279,4841,4841
4.244279000000001,4518,4518
4.245281,4191,4191
4.246281000000001,3868,3868
4.247283,3571,3571
4.248284000000001,3274,3274
4.249285,2983,2983
4.250285000000001,2666,2666
4.251286,2368,2368
4.252287000000001,2019,2019
4.2532890000000005,1719,1719
4.25429,1419,1419
4.255291000000001,1086,1086
4.256293,779,779
4.257294000000001,466,466
4.258295,155,155
4.259296000000001,16166,16166
4.2602970000000004,15845,15845
4.261297000000001,15501,15501
4.262298,15177,15177
4.263298000000001,14851,14851
4.264299,14534,14534
4.265300000000001,14190,14190
4.2663020000000005,13826,13826
4.267302000000001,13509,13509
4.268303,13192,13192
4.269304,12877,12877
4.270304,12531,12531
4.271304000000001,12213,12213
4.272305,11898,11898
4.273306000000001,11532,11532
4.274307,11218,11218
4.275307000000001,10920,10920
4.276309,10592,10592
4.277310000000001,10298,10298
4.278311,9997,9997
4.279312,9677,9677
4.280321000000001,9354,9354
4.281322,9049,9049
4.282322000000001,8723,8723
4.283323,8421,8421
4.2843230000000005,8091,8091
4.285324,7788,7788
4.2863240000000005,7481,7481
4.287324000000001,7131,7131
4.288325,6826,6826
4.289325000000001,6528,6528
4.290326,6207,6207
4.291326000000001,5907,5907
4.292327,5615,5615
4.293327000000001,5297,5297
4.294328,4973,4973
4.295329000000001,4669,4669
4.29633,4347,4347
4.2973300000000005,4046,4046
4.298332,3747,3747
4.299332000000001,3422,3422
4.300334,3130,3130
4.301334000000001,2791,2791
4.302335,2496,2496
4.303335000000001,2195,2195
4.304336,1873,1873
4.3053360000000005,1567,1567
4.306337,1266,1266
4.3073380000000006,957,957
4.308339,596,596
4.3093390000000005,281,281
4.310339000000001,16323,16323
4.3113410000000005,16005,16005
4.312342,15679,15679
4.3133420000000005,15355,15355
4.314343,15007,15007
4.3153440000000005,14287,14287
4.316344000000001,14152,14152
4.317345,13813,13813
4.318345000000001,13473,13473
4.319346,13129,13129
4.320346000000001,12811,12811
4.321347,12495,12495
4.322347000000001,12149,12149
4.323348,11827,11827
4.324349000000001,11468,11468
4.32535,11158,11158
4.326350000000001,10853,10853
4.327351,10534,10534
4.3283510000000005,10235,10235
4.329351000000001,9936,9936
4.330352,9635,9635
4.331353,9286,9286
4.332353,8988,8988
4.333353000000001,8659,8659
4.334354,8351,8351
4.335354000000001,8050,8050
4.336356,7743,7743
4.337356000000001,7413,7413
4.338357,7082,7082
4.339358000000001,6759,6759
4.340359,6458,6458
4.341360000000001,6161,6161
4.3423620000000005,5837,5837
4.343363,5543,5543
4.344363,5247,5247
4.345363000000001,4899,4899
4.346364,4602,4602
4.347364000000001,4295,4295
4.348365,3970,3970
4.349365000000001,3668,3668
4.350366,3371,3371
4.3513660000000005,3050,3050
4.352366000000001,2728,2728
4.353368000000001,2413,2413
4.354369,2117,2117
4.3553690000000005,1813,1813
4.356369000000001,1507,1507
4.3573710000000005,1177,1177
4.358372,869,869
4.3593720000000005,504,504
4.360372000000001,190,190
4.361373,16256,16256
4.362373000000001,15907,15907
4.363374,15584,15584
4.364374000000001,15261,15261
4.365375,14935,14935
4.366376000000001,14560,14560
4.367377,14240,14240
4.368377000000001,13899,13899
4.369378,13586,13586
4.3703780000000005,13268,13268
4.37138,12925,12925
4.372380000000001,12607,12607
4.373382,12233,12233
4.374382000000001,11916,11916
4.375383,11600,11600
4.376383000000001,11290,11290
4.377384,10960,10960
4.3783840000000005,10658,10658
4.379384000000001,10360,10360
4.380386000000001,10015,10015
4.381387,9710,9710
4.3823870000000005,9388,9388
4.383387000000001,9086,9086
4.384388,8782,8782
4.385388000000001,8481,8481
4.386389,8152,8152
4.387389000000001,7820,7820
4.388391,7486,7486
4.389392000000001,7185,7185
4.390393,6882,6882
4.391393000000001,6555,6555
4.3923950000000005,6259,6259
4.393395000000001,5960,5960
4.394396,5613,5613
4.395396000000001,5317,5317
4.396397,5023,5023
4.397406,4696,4696
4.398407000000001,4393,4393
4.399409,4087,4087
4.400409000000001,3766,3766
4.40141,3439,3439
4.402410000000001,3144,3144
4.403411,2829,2829
4.4044110000000005,2532,2532
4.405412,2232,2232
4.406413000000001,1915,1915
4.407414,1608,1608
4.4084140000000005,1252,1252
4.409414000000001,938,938
4.410415,630,630
4.411415000000001,318,318
4.412416,16360,16360
4.413416000000001,16039,16039
4.414417,15719,15719
4.415417000000001,15337,15337
4.416418,15015,15015
4.4174180000000005,14668,14668
4.418418000000001,14347,14347
4.419419,14028,14028
4.42042,13714,13714
4.4214210000000005,13374,13374
4.422422,13030,13030
4.423422,12684,12684
4.424423,12368,12368
4.4254240000000005,12050,12050
4.426424000000001,11733,11733
4.427425,11392,11392
4.428426000000001,11087,11087
4.4294270000000004,10733,10733
4.430427000000001,10434,10434
4.431428,10137,10137
4.432428000000001,9811,9811
4.433429,9513,9513
4.434430000000001,9208,9208
4.435431,8885,8885
4.436431000000001,8557,8557
4.437432,8225,8225
4.438432000000001,7918,7918
4.439434,7613,7613
4.440434000000001,7308,7308
4.441435,6979,6979
4.442435000000001,6679,6679
4.443436,6329,6329
4.4444360000000005,6030,6030
4.445437,5736,5736
4.446438000000001,5416,5416
4.447439,5114,5114
4.4484390000000005,4812,4812
4.449439000000001,4515,4515
4.4504410000000005,4165,4165
4.451442,3859,3859
4.4524420000000005,3538,3538
4.453442000000001,3240,3240
4.4544440000000005,2945,2945
4.455444000000001,2626,2626
4.456445,2329,2329
4.457445000000001,2005,2005
4.458446,1678,1678
4.459446000000001,1375,1375
4.460447,1072,1072
4.461447000000001,732,732
4.462448,415,415
4.4634480000000005,106,106
4.464449,16119,16119
4.465450000000001,15795,15795
4.466451,15442,15442
4.4674510000000005,15118,15118
4.468451000000001,14795,14795
4.469452,14474,14474
4.470452000000001,14131,14131
4.471453,13792,13792
4.472453000000001,13447,13447
4.473454,13131,13131
4.474454000000001,12812,12812
4.475455,12465,12465
4.4764550000000005,12147,12147
4.477456,11828,11828
4.478456,11461,11461
4.479456000000001,11150,11150
4.480457,10844,10844
4.481457000000001,10523,10523
4.482458,10230,10230
4.483458000000001,9925,9925
4.484459,9599,9599
4.4854590000000005,9278,9278
4.48646,8947,8947
4.4874600000000004,8618,8618
4.488460000000001,8317,8317
4.489461,7985,7985
4.490462000000001,7677,7677
4.491463,7320,7320
4.492463000000001,7016,7016
4.493464,6714,6714
4.494464000000001,6389,6389
4.495465,6090,6090
4.496465000000001,5795,5795
4.497466,5496,5496
4.498467000000001,5151,5151
4.499469,4856,4856
4.500469000000001,4526,4526
4.5014710000000004,4221,4221
4.502471000000001,3921,3921
4.5034730000000005,3599,3599
4.504473000000001,3299,3299
4.505474,2952,2952
4.506474000000001,2659,2659
4.507475,2367,2367
4.508475000000001,2065,2065
4.509477,1735,1735
4.510477000000001,1437,1437
4.5114790000000005,1127,1127
4.512479000000001,765,765
4.51348,451,451
4.514480000000001,112,112
4.515481,16173,16173
4.516481000000001,15854,15854
4.517483,15527,15527
4.518484000000001,15175,15175
4.519485,14821,14821
4.520485000000001,14475,14475
4.521486,14157,14157
4.522487000000001,13839,13839
4.5234890000000005,13498,13498
4.524491,13181,13181
4.525491000000001,12864,12864
4.526492,12496,12496
4.527493000000001,12170,12170
4.528494,11854,11854
4.529494000000001,11511,11511
4.530495,11201,11201
4.531496000000001,10898,10898
4.532497,10575,10575
4.5334970000000006,10248,10248
4.534499,9929,9929
4.535499000000001,9628,9628
4.5365,9328,9328
4.537501000000001,9020,9020
4.538502,8697,8697
4.539502000000001,8394,8394
4.540504,8035,8035
4.541505000000001,7730,7730
4.542506,7428,7428
4.543507000000001,7091,7091
4.544508,6790,6790
4.545509,6493,6493
4.546509,6191,6191
4.547509000000001,5845,5845
4.548511,5548,5548
4.549511000000001,5230,5230
4.550512,4932,4932
4.551512000000001,4628,4628
4.552513,4324,4324
4.553513000000001,4000,4000
4.554515,3675,3675
4.555515000000001,3350,3350
4.556516,3058,3058
4.557517000000001,2764,2764
4.558519,2440,2440
4.55952,2143,2143
4.5605210000000005,1846,1846
4.561521000000001,1487,1487
4.562522,1183,1183
4.563522000000001,870,870
4.564523,533,533
4.565523000000001,220,220
4.566524,16285,16285
4.567524000000001,15942,15942
4.568526,15588,15588
4.569526000000001,15236,15236
4.570527,14913,14913
4.571527000000001,14591,14591
4.572528,14270,14270
4.5735280000000005,13926,13926
4.574528000000001,13613,13613
4.575529,13242,13242
4.576529000000001,12924,12924
4.57753,12608,12608
4.578530000000001,12263,12263
4.579531,11945,11945
4.580531000000001,11626,11626
4.581535000000001,11314,11314
4.582536,10960,10960
4.583537000000001,10659,10659
4.584539,10337,10337
4.585539000000001,10043,10043
4.586541,9741,9741
4.587541000000001,9414,9414
4.588542,9115,9115
4.589542000000001,8788,8788
4.590543,8456,8456
4.591543000000001,8154,8154
4.592545,7851,7851
4.593545000000001,7516,7516
4.594546,7212,7212
4.595546000000001,6910,6910
4.596547,6558,6558
4.5975470000000005,6258,6258
4.598547000000001,5938,5938
4.599548,5646,5646
4.600549,5348,5348
4.601549,5050,5050
4.602549000000001,4725,4725
4.603551,4401,4401
4.604551000000001,4071,4071
4.605552,3773,3773
4.606553000000001,3479,3479
4.607554,3154,3154
4.608554000000001,2858,2858
4.609555,2568,2568
4.610556000000001,2221,2221
4.6115580000000005,1919,1919
4.612559,1613,1613
4.6135600000000005,1288,1288
4.614562,956,956
4.615563000000001,619,619
4.616564,280,280
4.617564000000001,16348,16348
4.618565,16000,16000
4.619565000000001,15676,15676
4.620566,15351,15351
4.621567000000001,15003,15003
4.622568,14679,14679
4.623568000000001,14304,14304
4.62457,13992,13992
4.625570000000001,13677,13677
4.626571,13334,13334
4.6275710000000005,13018,13018
4.628572,12704,12704
4.6295720000000005,12383,12383
4.630573,12015,12015
4.631573,11697,11697
4.632573000000001,11359,11359
4.633574,11051,11051
4.634574000000001,10750,10750
4.635576,10426,10426
4.636576000000001,10130,10130
4.637577,9806,9806
4.638577000000001,9488,9488
4.639579,9185,9185
4.640580000000001,8883,8883
4.641581,8557,8557
4.642582,8253,8253
4.6435830000000005,7947,7947
4.644583000000001,7589,7589
4.645584,7286,7286
4.646585000000001,6983,6983
4.647586,6655,6655
4.648586000000001,6356,6356
4.649587,6061,6061
4.650587000000001,5738,5738
4.651588,5419,5419
4.652588000000001,5099,5099
4.653589,4801,4801
4.6545890000000005,4496,4496
4.655589000000001,4171,4171
4.6565900000000005,3872,3872
4.657590000000001,3571,3571
4.658591,3228,3228
4.659591000000001,2933,2933
4.660592,2637,2637
4.661592000000001,2317,2317
4.662593,2015,2015
4.6635930000000005,1719,1719
4.664594,1389,1389
4.6655940000000005,1054,1054
4.666595,746,746
4.667595,410,410
4.668595000000001,91,91
4.669597,16156,16156
4.670598,15811,15811
4.671598,15489,15489
4.672598000000001,15107,15107
4.673599,14788,14788
4.674600000000001,14470,14470
4.675601,14122,14122
4.676605,13806,13806
4.677605000000001,13495,13495
4.678607,13178,13178
4.679607000000001,12809,12809
4.680608,12492,12492
4.681609000000001,12148,12148
4.68261,11831,11831
4.683610000000001,11518,11518
4.684612,11207,11207
4.685612000000001,10877,10877
4.6866140000000005,10551,10551
4.687614000000001,10231,10231
4.688615,9938,9938
4.689616,9633,9633
4.690616,9309,9309
4.691616000000001,9007,9007
4.692617,8708,8708
4.693617000000001,8353,8353
4.694618,8046,8046
4.695625000000001,7718,7718
4.696626,7412,7412
4.6976260000000005,7105,7105
4.698626000000001,6805,6805
4.699627,6481,6481
4.700627000000001,6153,6153
4.701628,5834,5834
4.702628000000001,5539,5539
4.70363,5247,5247
4.704630000000001,4945,4945
4.705631,4620,4620
4.706631000000001,4322,4322
4.707633,3967,3967
4.708633000000001,3669,3669
4.709634,3371,3371
4.710634000000001,3054,3054
4.711636,2759,2759
4.712636000000001,2464,2464
4.713637,2168,2168
4.714637000000001,1814,1814
4.715638,1513,1513
4.7166380000000006,1180,1180
4.717639,872,872
4.7186390000000005,562,562
4.719639000000001,250,250
4.72064,16292,16292
4.721640000000001,15945,15945
4.722641,15595,15595
4.723642000000001,15272,15272
4.724643,14947,14947
4.725643000000001,14601,14601
4.726644,14280,14280
4.727644000000001,13967,13967
4.728645,13601,13601
4.729646000000001,13284,13284
4.730647,12966,12966
4.731647000000001,12627,12627
4.732648,12303,12303
4.7336480000000005,11984,11984
4.734648000000001,11641,11641
4.735649,11303,11303
4.736649000000001,10974,10974
4.73765,10670,10670
4.738650000000001,10374,10374
4.739652,10073,10073
4.740652000000001,9751,9751
4.741653,9456,9456
4.742653000000001,9101,9101
4.743654,8798,8798
4.744654000000001,8496,8496
4.745655,8172,8172
4.7466550000000005,7864,7864
4.747655000000001,7558,7558
4.748657000000001,7251,7251
4.749658,6900,6900
4.7506580000000005,6597,6597
4.751658000000001,6274,6274
4.752659,5981,5981
4.753659000000001,5681,5681
4.75466,5360,5360
4.755660000000001,5064,5064
4.756661,4717,4717
4.757661000000001,4414,4414
4.758662,4113,4113
4.7596620000000005,3812,3812
4.760663,3488,3488
4.761663,3192,3192
4.762663000000001,2903,2903
4.763664,2557,2557
4.764665000000001,2255,2255
4.765666,1932,1932
4.766666000000001,1631,1631
4.767667,1325,1325
4.768667000000001,1016,1016
4.769669,684,684
4.770669000000001,344,344
4.77167,4,4
4.772671000000001,16064,16064
4.773672,15740,15740
4.774672000000001,15416,15416
4.775673,15063,15063
4.776673000000001,14739,14739
4.777674,14367,14367
4.7786740000000005,14048,14048
4.779674000000001,13731,13731
4.7806750000000005,13390,13390
4.781675000000001,13071,13071
4.782676,12752,12752
4.783676000000001,12406,12406
4.784677,12058,12058
4.785678000000001,11743,11743
4.786679,11402,11402
4.787679000000001,11091,11091
4.78868,10791,10791
4.789680000000001,10464,10464
4.790681,10164,10164
4.7916810000000005,9821,9821
4.792681000000001,9520,9520
4.793683000000001,9217,9217
4.794684,8912,8912
4.7956840000000005,8588,8588
4.796684000000001,8281,8281
4.797685,7974,7974
4.798685000000001,7619,7619
4.799686,7311,7311
4.800686000000001,6980,6980
4.801687,6677,6677
4.802687000000001,6380,6380
4.803688,6056,6056
4.8046880000000005,5758,5758
4.805688000000001,5437,5437
4.806689,5119,5119
4.807689000000001,4816,4816
4.80869,4514,4514
4.809690000000001,4186,4186
4.810692,3884,3884
4.811693,3582,3582
4.8126940000000005,3240,3240
4.813694000000001,2941,2941
4.814695,2649,2649
4.815695000000001,2328,2328
4.816696,2028,2028
4.817696000000001,1725,1725
4.818697,1394,1394
4.819697000000001,1062,1062
4.820698,721,721
4.8216980000000005,411,411
4.822698000000001,93,93
4.823699,16161,16161
4.824699000000001,15809,15809
4.8257,15484,15484
4.826700000000001,15104,15104
4.827701,14783,14783
4.828701000000001,14461,14461
4.829702,14115,14115
4.8307020000000005,13798,13798
4.831702000000001,13488,13488
4.8327040000000006,13166,13166
4.833705,12795,12795
4.8347050000000005,12477,12477
4.835706,12133,12133
4.836706,11812,11812
4.837706000000001,11498,11498
4.8387080000000005,11162,11162
4.839708000000001,10862,10862
4.840709,10512,10512
4.841709000000001,10213,10213
4.842711,9915,9915
4.843711000000001,9613,9613
4.8447130000000005,9286,9286
4.845713000000001,8989,8989
4.846714,8684,8684
4.847714000000001,8324,8324
4.8487160000000005,8023,8023
4.849716000000001,7691,7691
4.850717,7387,7387
4.851717000000001,7078,7078
4.852718,6782,6782
4.853718000000001,6453,6453
4.854719,6127,6127
4.855720000000001,5806,5806
4.856721,5513,5513
4.857721000000001,5215,5215
4.858722,4891,4891
4.8597220000000005,4593,4593
4.860723,4287,4287
4.861724000000001,3937,3937
4.862725,3636,3636
4.8637250000000005,3340,3340
4.864725000000001,3014,3014
4.865726,2724,2724
4.866726000000001,2430,2430
4.8677280000000005,2101,2101
4.868728000000001,1777,1777
4.869729,1472,1472
4.87073,1142,1142
4.87173,830,830
4.872730000000001,518,518
4.873731,178,178
4.874731000000001,16243,16243
4.875732,15865,15865
4.8767320000000005,15541,15541
4.877732000000001,15219,15219
4.878733,14894,14894
4.879733000000001,14544,14544
4.880734,14225,14225
4.881734000000001,13911,13911
4.882735,13541,13541
4.883735000000001,13226,13226
4.884736,12886,12886
4.8857360000000005,12565,12565
4.886736000000001,12243,12243
4.887737,11930,11930
4.888738,11588,11588
4.8897390000000005,11251,11251
4.890739000000001,10915,10915
4.89174,10620,10620
4.892740000000001,10321,10321
4.893741,9994,9994
4.894741000000001,9699,9699
4.895743,9400,9400
4.896743000000001,9047,9047
4.897744,8745,8745
4.898744000000001,8442,8442
4.899745,8110,8110
4.900745000000001,7802,7802
4.901746,7498,7498
4.9027460000000005,7168,7168
4.903746000000001,6839,6839
4.9047480000000006,6509,6509
4.905749,6213,6213
4.906750000000001,5916,5916
4.907751,5615,5615
4.9087510000000005,5297,5297
4.909751000000001,5000,5000
4.910753000000001,4648,4648
4.911754,4343,4343
4.912755000000001,4042,4042
4.913756,3716,3716
4.914756000000001,3419,3419
4.915757,3119,3119
4.916758000000001,2828,2828
4.917759,2484,2484
4.9187590000000005,2182,2182
4.91976,1861,1861
4.9207600000000005,1556,1556
4.921760000000001,1247,1247
4.922761,914,914
4.923762000000001,603,603
4.9247630000000004,236,236
4.925764,16303,16303
4.926764,15979,15979
4.927765000000001,15656,15656
4.928766,15302,15302
4.929766000000001,14979,14979
4.930767,14659,14659
4.931767000000001,14283,14283
4.932768,13964,13964
4.933769000000001,13627,13627
4.93477,13311,13311
4.935770000000001,12994,12994
4.936771,12670,12670
4.937772000000001,12329,12329
4.938774,11983,11983
4.939774000000001,11639,11639
4.9407760000000005,11328,11328
4.941776000000001,11022,11022
4.942778000000001,10697,10697
4.943779,10396,10396
4.9447790000000005,10101,10101
4.945779000000001,9754,9754
4.9467810000000005,9451,9451
4.947783,9147,9147
4.948783000000001,8822,8822
4.949784,8514,8514
4.9507840000000005,8211,8211
4.951785,7880,7880
4.952786000000001,7549,7549
4.953788,7217,7217
4.954789000000001,6913,6913
4.9557910000000005,6613,6613
4.956791000000001,6315,6315
4.957792,5991,5991
4.958793,5694,5694
4.959793,5351,5351
4.960793000000001,5053,5053
4.961795,4751,4751
4.962795000000001,4448,4448
4.9637970000000005,4127,4127
4.964798,3820,3820
4.965798,3520,3520
4.966798000000001,3178,3178
4.967799,2882,2882
4.968799000000001,2558,2558
4.9698,2265,2265
4.9708000000000006,1967,1967
4.971802,1634,1634
4.972802000000001,1331,1331
4.973803,1003,1003
4.9748030000000005,663,663
4.975803000000001,350,350
4.9768040000000004,34,34
4.977804000000001,16072,16072
4.9788060000000005,15747,15747
4.979806000000001,15423,15423
4.980807,15048,15048
4.981808,14723,14723
4.982808,14377,14377
4.983809000000001,14059,14059
4.9848110000000005,13745,13745
4.985813,13428,13428
4.986813000000001,13086,13086
4.987814,12742,12742
4.988815000000001,12398,12398
4.989817,12076,12076
4.990817000000001,11758,11758
4.991818,11449,11449
4.992818000000001,11113,11113
4.993819,10811,10811
4.994819000000001,10463,10463
4.99582,10163,10163
4.996821000000001,9863,9863
4.997822,9537,9537
4.9988220000000005,9241,9241
4.999823,8936,8936
5.0008230000000005,8629,8629
5.001823000000001,8278,8278
5.0028250000000005,7973,7973
5.003825000000001,7641,7641
5.004826,7336,7336
5.005826000000001,7032,7032
5.006827,6704,6704
5.007828000000001,6404,6404
5.008830000000001,6084,6084
5.009831,5764,5764
5.0108310000000005,5465,5465
5.011832,5165,5165
5.012832,4846,4846
5.013833,4543,4543
5.014833,4241,4241
5.015833000000001,3890,3890
5.016834,3594,3594
5.017835000000001,3270,3270
5.018836,2972,2972
5.019837000000001,2680,2680
5.020838,2361,2361
5.021838000000001,2062,2062
5.022839,1734,1734
5.023839000000001,1408,1408
5.02484,1098,1098
5.0258400000000005,789,789
5.026841,450,450
5.0278410000000004,137,137
5.028841000000001,16200,16200
5.029842,15826,15826
5.030842000000001,15504,15504
5.031843,15178,15178
5.032843000000001,14828,14828
5.033845,14505,14505
5.034845000000001,14188,14188
5.035846,13845,13845
5.036846000000001,13503,13503
5.037848,13187,13187
5.038848000000001,12845,12845
5.039849,12528,12528
5.040850000000001,12207,12207
5.0418520000000004,11865,11865
5.042853,11547,11547
5.043853,11189,11189
5.044853000000001,10890,10890
5.045855,10586,10586
5.046856,10286,10286
5.047856,9965,9965
5.048856000000001,9668,9668
5.049857,9368,9368
5.050857000000001,9011,9011
5.051858,8711,8711
5.0528580000000005,8382,8382
5.053858000000001,8077,8077
5.054859,7773,7773
5.055859000000001,7444,7444
5.05686,7136,7136
5.057860000000001,6809,6809
5.058861,6487,6487
5.059861000000001,6188,6188
5.060862,5891,5891
5.0618620000000005,5570,5570
5.062863,5275,5275
5.063864000000001,4978,4978
5.064866,4623,4623
5.065866000000001,4326,4326
5.066867,3998,3998
5.067867000000001,3697,3697
5.068868,3400,3400
5.0698680000000005,3103,3103
5.070868000000001,2790,2790
5.0718700000000005,2465,2465
5.072871,2145,2145
5.073872000000001,1847,1847
5.074873,1541,1541
5.075874000000001,1208,1208
5.076875,902,902
5.077875000000001,591,591
5.078876,223,223
5.0798760000000005,16291,16291
5.080876000000001,15970,15970
5.081878000000001,15621,15621
5.08288,15296,15296
5.083880000000001,14973,14973
5.084882,14654,14654
5.085882000000001,14278,14278
5.086884,13963,13963
5.087885,13623,13623
5.088885,13309,13309
5.089886000000001,12988,12988
5.090887,12645,12645
5.091887000000001,12331,12331
5.092888,11954,11954
5.093889000000001,11641,11641
5.09489,11328,11328
5.095890000000001,11025,11025
5.096891,10696,10696
5.097892000000001,10399,10399
5.0988940000000005,10105,10105
5.099894000000001,9756,9756
5.100895,9455,9455
5.101895000000001,9131,9131
5.1028970000000005,8827,8827
5.103897000000001,8472,8472
5.104898,8145,8145
5.105898000000001,7843,7843
5.106899,7507,7507
5.107900000000001,7203,7203
5.108901,6901,6901
5.109901000000001,6577,6577
5.110902,6276,6276
5.111903000000001,5981,5981
5.112904,5638,5638
5.113904000000001,5341,5341
5.114905,5042,5042
5.115905000000001,4719,4719
5.116906,4419,4419
5.1179060000000005,4116,4116
5.118907,3792,3792
5.119908000000001,3469,3469
5.120909,3152,3152
5.1219090000000005,2854,2854
5.12291,2558,2558
5.12391,2265,2265
5.124911,1935,1935
5.125911,1635,1635
5.126911000000001,1284,1284
5.127912,973,973
5.128913000000001,663,663
5.129914,325,325
5.130914000000001,7,7
5.131915,16073,16073
5.132915000000001,15751,15751
5.133917,15373,15373
5.134917000000001,15049,15049
5.135918,14700,14700
5.136919000000001,14379,14379
5.13792,14066,14066
5.138920000000001,13723,13723
5.139922,13411,13411
5.140923000000001,13040,13040
5.1419250000000005,12724,12724
5.142925000000001,12408,12408
5.143926,12084,12084
5.144926000000001,11749,11749
5.1459280000000005,11434,11434
5.146928000000001,11124,11124
5.147929,10774,10774
5.14893,10480,10480
5.14993,10155,10155
5.150930000000001,9853,9853
5.151931,9560,9560
5.152931000000001,9259,9259
5.153932,8929,8929
5.154933000000001,8604,8604
5.155934,8277,8277
5.156934000000001,7971,7971
5.157935,7666,7666
5.1589350000000005,7333,7333
5.159935000000001,7033,7033
5.160936,6732,6732
5.161936000000001,6381,6381
5.162937,6085,6085
5.163937000000001,5790,5790
5.164939,5468,5468
5.165939000000001,5174,5174
5.16694,4875,4875
5.167940000000001,4550,4550
5.168941,4223,4223
5.169941000000001,3923,3923
5.170943,3598,3598
5.171944000000001,3299,3299
5.172945,3009,3009
5.173945000000001,2692,2692
5.174946,2389,2389
5.175946000000001,2047,2047
5.176947,1748,1748
5.177948000000001,1441,1441
5.178949,1132,1132
5.179950000000001,800,800
5.180951,491,491
5.181952000000001,177,177
5.1829540000000005,16189,16189
5.183955,15867,15867
5.184955,15516,15516
5.185955000000001,15191,15191
5.1869570000000005,14873,14873
5.187958,14523,14523
5.188958,14206,14206
5.189958000000001,13838,13838
5.1909600000000005,13523,13523
5.191960000000001,13208,13208
5.1929620000000005,12894,12894
5.193962000000001,12549,12549
5.194964000000001,12231,12231
5.195965,11908,11908
5.196966000000001,11545,11545
5.197968,11239,11239
5.198968000000001,10929,10929
5.19997,10603,10603
5.200970000000001,10309,10309
5.201971,10014,10014
5.202971000000001,9688,9688
5.203972,9363,9363
5.204972000000001,9035,9035
5.205974,8737,8737
5.206974000000001,8429,8429
5.207976,8125,8125
5.208977000000001,7794,7794
5.209978,7491,7491
5.210978000000001,7130,7130
5.2119800000000005,6831,6831
5.212980000000001,6534,6534
5.213981,6207,6207
5.214981000000001,5907,5907
5.215982,5616,5616
5.216982000000001,5320,5320
5.217983,4973,4973
5.218984000000001,4671,4671
5.219985,4347,4347
5.220992000000001,4045,4045
5.2219940000000005,3741,3741
5.222994000000001,3423,3423
5.2239960000000005,3129,3129
5.224996000000001,2783,2783
5.2259970000000004,2489,2489
5.226997000000001,2190,2190
5.2279990000000005,1888,1888
5.229,1562,1562
5.23,1258,1258
5.231000000000001,952,952
5.2320020000000005,586,586
5.233002000000001,274,274
5.234003,16316,16316
5.235003000000001,15995,15995
5.236004,15673,15673
5.237005000000001,15349,15349
5.238006,15000,15000
5.239006000000001,14649,14649
5.240008,14304,14304
5.241008000000001,13988,13988
5.242009,13674,13674
5.243009000000001,13329,13329
5.24401,13012,13012
5.245010000000001,12696,12696
5.246011,12323,12323
5.2470110000000005,12004,12004
5.248012,11690,11690
5.2490120000000005,11353,11353
5.250012000000001,11040,11040
5.251013,10737,10737
5.252013000000001,10421,10421
5.253014,10095,10095
5.254014000000001,9796,9796
5.255015,9470,9470
5.2560150000000005,9170,9170
5.257016,8867,8867
5.258017000000001,8539,8539
5.259018,8238,8238
5.260019000000001,7877,7877
5.261021,7575,7575
5.262021000000001,7265,7265
5.263022,6967,6967
5.264024,6638,6638
5.265024,6313,6313
5.266024000000001,5967,5967
5.267025,5672,5672
5.268025000000001,5351,5351
5.269026,5052,5052
5.270027000000001,4757,4757
5.271028,4428,4428
5.272029000000001,4124,4124
5.27303,3775,3775
5.274031000000001,3476,3476
5.275032,3179,3179
5.276032000000001,2889,2889
5.277033,2569,2569
5.278034000000001,2267,2267
5.2790360000000005,1916,1916
5.280036000000001,1619,1619
5.281037,1315,1315
5.282037000000001,1003,1003
5.283038,666,666
5.284038000000001,357,357
5.285039,39,39
5.286040000000001,16073,16073
5.2870420000000005,15726,15726
5.288042000000001,15372,15372
5.289043,15048,15048
5.290044000000001,14727,14727
5.291045,14377,14377
5.292046,14061,14061
5.293046,13741,13741
5.294047000000001,13376,13376
5.295048,13058,13058
5.296048000000001,12735,12735
5.297049,12391,12391
5.298049000000001,12073,12073
5.299051,11753,11753
5.300051000000001,11411,11411
5.3010530000000005,11075,11075
5.302053000000001,10777,10777
5.3030550000000005,10451,10451
5.304055000000001,10154,10154
5.305057000000001,9854,9854
5.306058,9528,9528
5.307059000000001,9223,9223
5.30806,8877,8877
5.309060000000001,8571,8571
5.310061,8264,8264
5.3110610000000005,7962,7962
5.312061000000001,7628,7628
5.313062,7324,7324
5.314063,7015,7015
5.315063,6665,6665
5.316064000000001,6364,6364
5.3170660000000005,6040,6040
5.318066000000001,5745,5745
5.319067,5448,5448
5.320067000000001,5154,5154
5.321068,4826,4826
5.322069000000001,4496,4496
5.3230710000000006,4175,4175
5.324073,3869,3869
5.325073000000001,3566,3566
5.326074,3250,3250
5.3270740000000005,2957,2957
5.328075,2659,2659
5.329076000000001,2312,2312
5.330077,2014,2014
5.331078000000001,1709,1709
5.332079,1375,1375
5.333079000000001,1074,1074
5.33408,759,759
5.3350800000000005,418,418
5.336091000000001,75,75
5.337093,16118,16118
5.338093000000001,15792,15792
5.339094,15466,15466
5.340095000000001,15141,15141
5.341097,14796,14796
5.342097000000001,14470,14470
5.343098,14099,14099
5.344098000000001,13784,13784
5.345099,13469,13469
5.346099000000001,13124,13124
5.3471,12805,12805
5.3481000000000005,12487,12487
5.349100000000001,12170,12170
5.350101,11793,11793
5.351101000000001,11481,11481
5.352102,11146,11146
5.353102000000001,10844,10844
5.354103,10543,10543
5.355103000000001,10219,10219
5.356105,9923,9923
5.357105000000001,9595,9595
5.358106,9271,9271
5.359106000000001,8973,8973
5.360108,8665,8665
5.361108000000001,8333,8333
5.362109,8035,8035
5.363109000000001,7725,7725
5.364111,7366,7366
5.365111000000001,7063,7063
5.366112,6735,6735
5.367113000000001,6434,6434
5.368114,6133,6133
5.369114000000001,5838,5838
5.370115,5520,5520
5.371116000000001,5194,5194
5.372117,4871,4871
5.373117000000001,4572,4572
5.374118,4268,4268
5.3751180000000005,3941,3941
5.376118000000001,3642,3642
5.377119,3343,3343
5.37812,2997,2997
5.37912,2704,2704
5.380120000000001,2411,2411
5.381121,2085,2085
5.382121000000001,1779,1779
5.383122,1476,1476
5.3841220000000005,1147,1147
5.385122000000001,811,811
5.386123,469,469
5.387124,157,157
5.3881250000000005,16225,16225
5.389125000000001,15897,15897
5.390126,15548,15548
5.391126000000001,15224,15224
5.392127,14845,14845
5.393127000000001,14523,14523
5.394128,14205,14205
5.395128000000001,13889,13889
5.39613,13546,13546
5.397130000000001,13231,13231
5.398131,12915,12915
5.399131000000001,12542,12542
5.400132,12222,12222
5.401133000000001,11879,11879
5.402134,11565,11565
5.4031340000000005,11251,11251
5.404135,10948,10948
5.4051350000000005,10624,10624
5.406135000000001,10300,10300
5.407136,9978,9978
5.408136000000001,9679,9679
5.409137,9379,9379
5.410138000000001,9053,9053
5.411139,8749,8749
5.412139000000001,8445,8445
5.41314,8089,8089
5.414141000000001,7781,7781
5.415142,7475,7475
5.416142000000001,7147,7147
5.417143,6844,6844
5.418143000000001,6543,6543
5.419144,6222,6222
5.420145000000001,5897,5897
5.421146,5577,5577
5.422147000000001,5279,5279
5.423149,4981,4981
5.42415,4678,4678
5.42515,4352,4352
5.426150000000001,4052,4052
5.427152,3703,3703
5.428152000000001,3405,3405
5.429153,3108,3108
5.430153000000001,2814,2814
5.431154,2496,2496
5.432155000000001,2195,2195
5.433156,1897,1897
5.434157000000001,1542,1542
5.435158,1235,1235
5.436159000000001,903,903
5.43716,590,590
5.438160000000001,279,279
5.439161,16318,16318
5.440161000000001,15996,15996
5.441162,15648,15648
5.442162000000001,15296,15296
5.443163,14971,14971
5.4441630000000005,14652,14652
5.445164,14309,14309
5.4461640000000004,13987,13987
5.447164000000001,13674,13674
5.448165,13305,13305
5.449165000000001,12990,12990
5.450166,12673,12673
5.451166000000001,12322,12322
5.452168,12007,12007
5.453168000000001,11691,11691
5.454169,11353,11353
5.455169000000001,11022,11022
5.45617,10698,10698
5.457171000000001,10396,10396
5.458172,10102,10102
5.459173000000001,9804,9804
5.460174,9478,9478
5.461174000000001,9181,9181
5.462176,8829,8829
5.463177000000001,8522,8522
5.464178,8218,8218
5.465179,7889,7889
5.466179,7583,7583
5.467179000000001,7274,7274
5.468181,6972,6972
5.469182,6625,6625
5.470182,6324,6324
5.471182000000001,6002,6002
5.472183,5707,5707
5.473183000000001,5411,5411
5.474184,5092,5092
5.4751840000000005,4788,4788
5.476184000000001,4440,4440
5.477185,4142,4142
5.478185000000001,3836,3836
5.479186,3540,3540
5.480186000000001,3220,3220
5.481187,2925,2925
5.482188000000001,2633,2633
5.4831900000000005,2287,2287
5.484190000000001,1989,1989
5.4851920000000005,1661,1661
5.486192000000001,1355,1355
5.487194000000001,1051,1051
5.488195,741,741
5.4891950000000005,402,402
5.490195000000001,62,62
5.491196,16106,16106
5.492196000000001,15778,15778
5.4931980000000005,15455,15455
5.494198000000001,15104,15104
5.495199,14787,14787
5.496200000000001,14467,14467
5.4972010000000004,14094,14094
5.498201000000001,13778,13778
5.499202,13467,13467
5.500202000000001,13125,13125
5.501204,12807,12807
5.502204000000001,12487,12487
5.5032060000000005,12142,12142
5.504206000000001,11800,11800
5.505207,11461,11461
5.506207000000001,11153,11153
5.507208,10848,10848
5.508208000000001,10548,10548
5.509209,10232,10232
5.510209000000001,9928,9928
5.511211,9581,9581
5.512212000000001,9282,9282
5.513213,8979,8979
5.514213000000001,8652,8652
5.515214,8351,8351
5.516214000000001,8047,8047
5.517215,7739,7739
5.5182150000000005,7381,7381
5.519216,7081,7081
5.5202160000000005,6756,6756
5.521217,6455,6455
5.5222180000000005,6159,6159
5.523219,5862,5862
5.524219,5540,5540
5.525219000000001,5221,5221
5.52622,4898,4898
5.527220000000001,4598,4598
5.528221,4295,4295
5.529222000000001,3971,3971
5.530223,3673,3673
5.531224000000001,3375,3375
5.532225,3031,3031
5.533226000000001,2740,2740
5.5342270000000005,2443,2443
5.535227000000001,2117,2117
5.536228,1823,1823
5.537229000000001,1518,1518
5.538231000000001,1189,1189
5.539233,854,854
5.540233000000001,515,515
5.541234,206,206
5.542235000000001,16267,16267
5.543237,15945,15945
5.544237000000001,15599,15599
5.545238,15273,15273
5.546239000000001,14897,14897
5.54724,14573,14573
5.548240000000001,14259,14259
5.549241,13911,13911
5.550242000000001,13596,13596
5.551243,13282,13282
5.552243000000001,12940,12940
5.553245,12595,12595
5.554245000000001,12277,12277
5.555246,11934,11934
5.556246000000001,11615,11615
5.557247,11305,11305
5.558247000000001,10975,10975
5.559249,10674,10674
5.560249000000001,10324,10324
5.561251,10027,10027
5.562252000000001,9733,9733
5.563254000000001,9434,9434
5.564255,9103,9103
5.565256000000001,8802,8802
5.566257,8499,8499
5.567257000000001,8142,8142
5.568258,7835,7835
5.5692580000000005,7508,7508
5.570259,7201,7201
5.5712600000000005,6899,6899
5.572261,6599,6599
5.5732610000000005,6277,6277
5.574261000000001,5955,5955
5.575262,5635,5635
5.576262000000001,5342,5342
5.577263,5044,5044
5.578263000000001,4715,4715
5.579265,4415,4415
5.580266000000001,4117,4117
5.581267,3765,3765
5.582267000000001,3464,3464
5.583268,3171,3171
5.584268000000001,2854,2854
5.585269,2561,2561
5.586270000000001,2260,2260
5.587271,1939,1939
5.588271000000001,1613,1613
5.589272,1283,1283
5.590272000000001,974,974
5.591273,666,666
5.592274000000001,348,348
5.593276,9,9
5.594277000000001,16075,16075
5.595278,15699,15699
5.596278000000001,15374,15374
5.5972800000000005,15051,15051
5.598280000000001,14704,14704
5.599281,14383,14383
5.600282,14067,14067
5.601282,13753,13753
5.602283000000001,13385,13385
5.603284,13070,13070
5.604285000000001,12727,12727
5.605286,12407,12407
5.606286000000001,12091,12091
5.6072880000000005,11773,11773
5.608289,11434,11434
5.609289,11100,11100
5.61029,10774,10774
5.61129,10476,10476
5.612290000000001,10182,10182
5.613292,9858,9858
5.614293000000001,9560,9560
5.615295000000001,9261,9261
5.616297,8908,8908
5.617297000000001,8603,8603
5.618298,8278,8278
5.619298000000001,7976,7976
5.6203,7671,7671
5.621301000000001,7361,7361
5.622302,7034,7034
5.623303000000001,6712,6712
5.624304,6384,6384
5.625304000000001,6089,6089
5.626305,5795,5795
5.627305000000001,5475,5475
5.628307,5175,5175
5.629308000000001,4878,4878
5.630310000000001,4527,4527
5.631312,4224,4224
5.632313000000001,3924,3924
5.633314,3603,3603
5.634315000000001,3302,3302
5.635317000000001,3009,3009
5.636319,2716,2716
5.637320000000001,2373,2373
5.638321,2072,2072
5.639321000000001,1746,1746
5.640323,1446,1446
5.641323000000001,1135,1135
5.642324,802,802
5.643324000000001,483,483
5.644325,124,124
5.645325000000001,16185,16185
5.646326,15861,15861
5.6473260000000005,15541,15541
5.648327,15194,15194
5.649327,14868,14868
5.650327000000001,14546,14546
5.651328,14179,14179
5.652329000000001,13861,13861
5.65333,13521,13521
5.654330000000001,13203,13203
5.655331,12888,12888
5.656331000000001,12568,12568
5.657333,12224,12224
5.658334000000001,11883,11883
5.659336000000001,11543,11543
5.660338,11230,11230
5.661339000000001,10927,10927
5.6623410000000005,10604,10604
5.663342,10305,10305
5.664342,10008,10008
5.665342000000001,9658,9658
5.666343,9360,9360
5.667344000000001,9058,9058
5.6683460000000006,8730,8730
5.669347,8429,8429
5.670348000000001,8125,8125
5.671349,7793,7793
5.6723490000000005,7464,7464
5.67335,7134,7134
5.674351000000001,6831,6831
5.675353,6532,6532
5.676353000000001,6237,6237
5.677355,5913,5913
5.678356000000001,5616,5616
5.679357,5273,5273
5.680358,4977,4977
5.681358,4674,4674
5.682359000000001,4376,4376
5.68336,4050,4050
5.684360000000001,3749,3749
5.685361,3451,3451
5.686361000000001,3106,3106
5.687363,2815,2815
5.688364000000001,2494,2494
5.6893650000000004,2197,2197
5.690365000000001,1900,1900
5.6913670000000005,1574,1574
5.692368,1266,1266
5.693369000000001,931,931
5.69437,597,597
5.695371000000001,287,287
5.696372,16350,16350
5.6973720000000005,16008,16008
5.698374,15685,15685
5.699375000000001,15360,15360
5.7003770000000005,14982,14982
5.701378,14667,14667
5.702378,14321,14321
5.703378000000001,14004,14004
5.704379,13690,13690
5.705379000000001,13375,13375
5.706381,13033,13033
5.707382000000001,12688,12688
5.708383,12346,12346
5.709383000000001,12031,12031
5.710384,11710,11710
5.711384000000001,11398,11398
5.712386,11072,11072
5.713386000000001,10767,10767
5.7143880000000005,10419,10419
5.715388000000001,10122,10122
5.716389,9824,9824
5.717389000000001,9496,9496
5.71839,9197,9197
5.719390000000001,8895,8895
5.720391,8592,8592
5.721392000000001,8238,8238
5.722393,7908,7908
5.723394000000001,7604,7604
5.724395,7296,7296
5.725396000000001,6996,6996
5.726397,6670,6670
5.727397000000001,6369,6369
5.7283990000000005,6021,6021
5.7294,5726,5726
5.7304,5434,5434
5.731400000000001,5136,5136
5.732402,4811,4811
5.733402000000001,4510,4510
5.7344040000000005,4209,4209
5.735404000000001,3857,3857
5.736405,3561,3561
5.737405000000001,3241,3241
5.7384070000000005,2948,2948
5.739407000000001,2649,2649
5.740408,2355,2355
5.741409,2033,2033
5.742409,1705,1705
5.743409000000001,1376,1376
5.744411,1073,1073
5.745412000000001,765,765
5.746414000000001,429,429
5.747416,112,112
5.748417000000001,16177,16177
5.749418,15800,15800
5.750419000000001,15480,15480
5.751421000000001,15155,15155
5.752423,14805,14805
5.753424000000001,14485,14485
5.754425,14167,14167
5.755426000000001,13854,13854
5.756427,13488,13488
5.757427000000001,13146,13146
5.7584290000000005,12834,12834
5.75943,12514,12514
5.76043,12196,12196
5.761431000000001,11857,11857
5.762433000000001,11543,11543
5.763434,11182,11182
5.764435000000001,10878,10878
5.765436,10583,10583
5.766436000000001,10263,10263
5.767438,9963,9963
5.768439000000001,9669,9669
5.76944,9369,9369
5.770441000000001,9017,9017
5.771442,8714,8714
5.772442000000001,8387,8387
5.7734440000000005,8085,8085
5.774444000000001,7781,7781
5.7754460000000005,7450,7450
5.776447,7151,7151
5.777447,6822,6822
5.778447000000001,6495,6495
5.779448,6202,6202
5.780449000000001,5907,5907
5.78145,5587,5587
5.782451,5295,5295
5.783451,4997,4997
5.784451000000001,4647,4647
5.785452,4349,4349
5.786452000000001,4049,4049
5.787453,3727,3727
5.788454000000001,3428,3428
5.789456,3134,3134
5.790456000000001,2818,2818
5.791457,2499,2499
5.792458000000001,2178,2178
5.7934600000000005,1881,1881
5.794460000000001,1578,1578
5.795461,1252,1252
5.796462,942,942
5.797462,633,633
5.798462000000001,269,269
5.799464,16337,16337
5.800464000000001,16020,16020
5.801465,15675,15675
5.802466000000001,15349,15349
5.8034680000000005,15031,15031
5.804469,14682,14682
5.805470000000001,14339,14339
5.806471,14022,14022
5.807472000000001,13684,13684
5.808473,13372,13372
5.8094730000000006,13055,13055
5.810474,12713,12713
5.8114740000000005,12398,12398
5.812474000000001,12027,12027
5.8134760000000005,11709,11709
5.814477,11399,11399
5.8154770000000005,11095,11095
5.816477000000001,10771,10771
5.817478,10471,10471
5.818479000000001,10175,10175
5.81948,9832,9832
5.820480000000001,9532,9532
5.821481,9207,9207
5.822481000000001,8909,8909
5.823483,8604,8604
5.824484,8304,8304
5.825484,7973,7973
5.826484000000001,7646,7646
5.827485,7314,7314
5.828485000000001,7012,7012
5.829486,6715,6715
5.830487000000001,6391,6391
5.831488,6092,6092
5.832488000000001,5799,5799
5.833489,5457,5457
5.8344890000000005,5159,5159
5.83549,4864,4864
5.83649,4537,4537
5.837491,4242,4242
5.8384920000000005,3939,3939
5.839492000000001,3618,3618
5.8404940000000005,3300,3300
5.841495,2978,2978
5.842495,2684,2684
5.843496,2391,2391
5.8444970000000005,2101,2101
5.845498,1771,1771
5.846499000000001,1468,1468
5.8475,1116,1116
5.848501000000001,806,806
5.849503,494,494
5.850503000000001,154,154
5.851504,16225,16225
5.852504000000001,15904,15904
5.853505,15581,15581
5.8545050000000005,15206,15206
5.855506,14884,14884
5.856506,14538,14538
5.857506000000001,14223,14223
5.858507,13908,13908
5.859507000000001,13568,13568
5.860508,13254,13254
5.861509000000001,12915,12915
5.8625110000000005,12570,12570
5.863511000000001,12253,12253
5.8645130000000005,11939,11939
5.865514,11599,11599
5.8665140000000005,11287,11287
5.867514000000001,10986,10986
5.868515,10635,10635
5.869515000000001,10339,10339
5.870517,10044,10044
5.871517000000001,9724,9724
5.872518,9427,9427
5.873519000000001,9123,9123
5.87452,8801,8801
5.875520000000001,8471,8471
5.8765220000000005,8147,8147
5.877523,7842,7842
5.878523,7534,7534
5.879523000000001,7232,7232
5.880524,6908,6908
5.881524000000001,6606,6606
5.882525,6262,6262
5.883525000000001,5968,5968
5.884527,5670,5670
5.885528000000001,5357,5357
5.886529,5060,5060
5.887529000000001,4762,4762
5.88853,4459,4459
5.889531000000001,4110,4110
5.8905330000000005,3817,3817
5.891533000000001,3491,3491
5.892534,3194,3194
5.893535000000001,2905,2905
5.894536,2592,2592
5.895536000000001,2290,2290
5.896537,1945,1945
5.897537000000001,1650,1650
5.898539,1341,1341
5.89954,1035,1035
5.90054,699,699
5.901541000000001,398,398
5.9025430000000005,75,75
5.903545,16090,16090
5.904546000000001,15775,15775
5.9055480000000005,15423,15423
5.906548000000001,15101,15101
5.907549,14781,14781
5.908549000000001,14462,14462
5.90955,14121,14121
5.910550000000001,13782,13782
5.911552,13443,13443
5.912552000000001,13131,13131
5.913553,12814,12814
5.914553000000001,12468,12468
5.915554,12154,12154
5.9165540000000005,11838,11838
5.917555,11476,11476
5.918556000000001,11166,11166
5.919557,10872,10872
5.920558000000001,10546,10546
5.92156,10250,10250
5.922560000000001,9951,9951
5.923561,9631,9631
5.924562000000001,9306,9306
5.9255640000000005,8986,8986
5.926564000000001,8684,8684
5.927565,8381,8381
5.928565000000001,8077,8077
5.9295670000000005,7752,7752
5.930567000000001,7446,7446
5.931568,7094,7094
5.932568000000001,6793,6793
5.933569,6496,6496
5.934570000000001,6198,6198
5.935571,5877,5877
5.936571000000001,5586,5586
5.937573,5293,5293
5.938573000000001,4947,4947
5.939574,4646,4646
5.940575000000001,4323,4323
5.9415770000000006,4025,4025
5.942578,3725,3725
5.943579000000001,3409,3409
5.944581,3111,3111
5.945582000000001,2793,2793
5.9465840000000005,2474,2474
5.947586,2183,2183
5.948586000000001,1886,1886
5.949587,1556,1556
5.950588000000001,1256,1256
5.951589,952,952
5.952589000000001,585,585
5.953591,274,274
5.954591000000001,16348,16348
5.955593,16003,16003
5.956593000000001,15682,15682
5.957595,15361,15361
5.958595000000001,15014,15014
5.9595970000000005,14665,14665
5.960598,14320,14320
5.961598,14009,14009
5.962598000000001,13695,13695
5.963599,13380,13380
5.964599000000001,13043,13043
5.965601,12727,12727
5.966601000000001,12359,12359
5.967603,12044,12044
5.968603000000001,11727,11727
5.969604,11389,11389
5.970604000000001,11082,11082
5.971605,10784,10784
5.972606000000001,10467,10467
5.9736080000000005,10145,10145
5.974609,9849,9849
5.975609,9528,9528
5.976609000000001,9231,9231
5.97761,8927,8927
5.978611000000001,8601,8601
5.979612,8305,8305
5.980612000000001,7950,7950
5.981613,7645,7645
5.982614000000001,7342,7342
5.983615,7045,7045
5.984616000000001,6716,6716
5.9856180000000005,6417,6417
5.986619,6123,6123
5.9876190000000005,5781,5781
5.988619000000001,5487,5487
5.9896210000000005,5170,5170
5.990621000000001,4874,4874
5.991623000000001,4574,4574
5.992625,4274,4274
5.993626000000001,3952,3952
5.994627,3630,3630
5.995628000000001,3306,3306
5.996630000000001,3015,3015
5.997631,2724,2724
5.9986310000000005,2407,2407
5.999631000000001,2112,2112
6.0006330000000005,1813,1813
6.001634,1464,1464
6.002635000000001,1156,1156
6.003636,850,850
6.0046360000000005,520,520
6.005637,208,208
6.0066370000000004,16270,16270
6.007638,15926,15926
6.0086390000000005,15584,15584
6.00964,15234,15234
6.01064,14913,14913
6.011640000000001,14593,14593
6.0126420000000005,14280,14280
6.013643,13938,13938
6.0146440000000005,13626,13626
6.015646,13262,13262
6.016647000000001,12949,12949
6.0176490000000005,12633,12633
6.01865,12314,12314
6.0196510000000005,11973,11973
6.020651000000001,11660,11660
6.0216520000000004,11350,11350
6.022653,10999,10999
6.0236540000000005,10699,10699
6.024655,10378,10378
6.025655,10082,10082
6.026655000000001,9789,9789
6.027656,9486,9486
6.028657000000001,9168,9168
6.029658,8841,8841
6.030658000000001,8513,8513
6.0316600000000005,8214,8214
6.032660000000001,7910,7910
6.0336620000000005,7580,7580
6.034663,7275,7275
6.0356630000000004,6972,6972
6.036663000000001,6629,6629
6.037664,6333,6333
6.038665000000001,6035,6035
6.039667000000001,5716,5716
6.040668,5425,5425
6.0416680000000005,5129,5129
6.042668000000001,4807,4807
6.043669,4486,4486
6.044669000000001,4161,4161
6.04567,3859,3859
6.046670000000001,3559,3559
6.047672,3270,3270
6.048673000000001,2951,2951
6.049675000000001,2661,2661
6.050676,2319,2319
6.051677000000001,2023,2023
6.052679,1724,1724
6.053680000000001,1392,1392
6.054682000000001,1092,1092
6.055683,784,784
6.056684000000001,469,469
6.057686,108,108
6.058686000000001,16179,16179
6.059687,15831,15831
6.060687000000001,15508,15508
6.061688,15190,15190
6.0626880000000005,14838,14838
6.063688000000001,14521,14521
6.064689,14154,14154
6.065689000000001,13736,13736
6.06669,13373,13373
6.067690000000001,13030,13030
6.068692,12693,12693
6.069692000000001,12374,12374
6.070693,12008,12008
6.071693000000001,11695,11695
6.072694,11384,11384
6.073695000000001,11029,11029
6.074696,10730,10730
6.075697000000001,10410,10410
6.0766990000000005,10090,10090
6.0777,9771,9771
6.078701000000001,9399,9399
6.079703,9074,9074
6.080704000000001,8725,8725
6.081705,8351,8351
6.082705000000001,8050,8050
6.083706,7694,7694
6.084706000000001,7340,7340
6.085707,7014,7014
6.0867070000000005,6666,6666
6.087708,6369,6369
6.088709000000001,6074,6074
6.089711,5730,5730
6.090712000000001,5364,5364
6.0917140000000005,5071,5071
6.092714000000001,4721,4721
6.093715,4424,4424
6.094715000000001,4128,4128
6.095716,3802,3802
6.096716000000001,3507,3507
6.097717,3164,3164
6.098718000000001,2873,2873
6.0997200000000005,2580,2580
6.100720000000001,2285,2285
6.101721,1964,1964
6.102721000000001,1661,1661
6.103722,1360,1360
6.104722000000001,1005,1005
6.105724,698,698
6.106724000000001,364,364
6.107725,47,47
6.108725000000001,16116,16116
6.109726,15773,15773
6.1107260000000005,15448,15448
6.111727,15102,15102
6.1127270000000005,14756,14756
6.113727000000001,14437,14437
6.114728,14094,14094
6.115729000000001,13757,13757
6.1167300000000004,13447,13447
6.117730000000001,13080,13080
6.118731,12761,12761
6.119731000000001,12447,12447
6.120733,12108,12108
6.121734,11794,11794
6.122734,11479,11479
6.123734000000001,11148,11148
6.124735,10824,10824
6.125735000000001,10498,10498
6.126737,10206,10206
6.127737000000001,9907,9907
6.128739,9579,9579
6.129739000000001,9284,9284
6.13074,8984,8984
6.131740000000001,8631,8631
6.132741,8329,8329
6.1337410000000006,8026,8026
6.134742,7698,7698
6.1357420000000005,7389,7389
6.136742000000001,7085,7085
6.137743,6763,6763
6.138743000000001,6437,6437
6.1397450000000005,6140,6140
6.140746,5820,5820
6.1417470000000005,5526,5526
6.142747000000001,5230,5230
6.143749000000001,4907,4907
6.144751,4611,4611
6.145751000000001,4261,4261
6.146753,3960,3960
6.147753000000001,3663,3663
6.148755,3363,3363
6.149756,3045,3045
6.150756,2753,2753
6.151756000000001,2462,2462
6.152758,2112,2112
6.153759000000001,1813,1813
6.1547600000000005,1484,1484
6.155760000000001,1185,1185
6.156761,876,876
6.157761000000001,563,563
6.158763,224,224
6.159763000000001,16269,16269
6.160764,15923,15923
6.161764000000001,15601,15601
6.162765,15279,15279
6.163766000000001,14928,14928
6.1647680000000005,14606,14606
6.165768000000001,14289,14289
6.166769,13923,13923
6.167769000000001,13611,13611
6.16877,13292,13292
6.169770000000001,12953,12953
6.170771,12610,12610
6.171771000000001,12269,12269
6.172773,11922,11922
6.173773000000001,11588,11588
6.174774,11277,11277
6.1757740000000005,10970,10970
6.176775,10656,10656
6.1777750000000005,10330,10330
6.178775000000001,9982,9982
6.179776,9685,9685
6.180776000000001,9391,9391
6.181778,9064,9064
6.182778000000001,8760,8760
6.183779,8459,8459
6.184779000000001,8158,8158
6.18578,7806,7806
6.186780000000001,7474,7474
6.187781,7172,7172
6.1887810000000005,6871,6871
6.189781000000001,6570,6570
6.1907820000000005,6249,6249
6.191783,5956,5956
6.192783,5611,5611
6.193783000000001,5318,5318
6.194784,5024,5024
6.195784000000001,4700,4700
6.196785,4397,4397
6.1977850000000005,4102,4102
6.198787,3804,3804
6.199788000000001,3456,3456
6.200789,3156,3156
6.201790000000001,2844,2844
6.202791,2551,2551
6.203791000000001,2255,2255
6.2047930000000004,1931,1931
6.205793000000001,1634,1634
6.206794,1280,1280
6.207794000000001,967,967
6.208795,663,663
6.209795000000001,352,352
6.210797,10,10
6.211797000000001,16075,16075
6.212798,15758,15758
6.213799000000001,15383,15383
6.2148,15059,15059
6.215800000000001,14712,14712
6.216802,14396,14396
6.217802000000001,14080,14080
6.218803,13762,13762
6.219804000000001,13426,13426
6.220805,13085,13085
6.221805000000001,12743,12743
6.222807,12427,12427
6.223807000000001,12115,12115
6.224808,11769,11769
6.225808000000001,11458,11458
6.22681,11152,11152
6.227810000000001,10801,10801
6.228811,10501,10501
6.229811000000001,10204,10204
6.230813,9889,9889
6.231813000000001,9587,9587
6.232815,9286,9286
6.233815000000001,8963,8963
6.2348170000000005,8636,8636
6.235817000000001,8331,8331
6.236818,8003,8003
6.237818000000001,7699,7699
6.238819,7396,7396
6.239820000000001,7065,7065
6.2408220000000005,6770,6770
6.241824,6421,6421
6.242825000000001,6122,6122
6.243826,5824,5824
6.244827000000001,5532,5532
6.245828,5215,5215
6.246828000000001,4917,4917
6.24783,4618,4618
6.248831,4266,4266
6.249831,3968,3968
6.250832000000001,3643,3643
6.251833,3349,3349
6.252833000000001,3055,3055
6.253834,2762,2762
6.254834000000001,2444,2444
6.255835,2126,2126
6.256835000000001,1797,1797
6.257836,1495,1495
6.258837000000001,1193,1193
6.259839,858,858
6.260839000000001,545,545
6.26184,235,235
6.262840000000001,16253,16253
6.263841,15933,15933
6.2648410000000005,15611,15611
6.265842,15260,15260
6.2668420000000005,14939,14939
6.267843,14618,14618
6.2688440000000005,14275,14275
6.269844000000001,13935,13935
6.2708450000000004,13592,13592
6.271846,13280,13280
6.272846,12964,12964
6.273847000000001,12648,12648
6.274849000000001,12304,12304
6.27585,11990,11990
6.2768500000000005,11623,11623
6.277851,11311,11311
6.2788520000000005,11007,11007
6.279853,10686,10686
6.2808530000000005,10389,10389
6.281853000000001,10091,10091
6.2828550000000005,9794,9794
6.283855000000001,9447,9447
6.284857000000001,9146,9146
6.285858,8817,8817
6.2868580000000005,8519,8519
6.287858000000001,8219,8219
6.288859,7914,7914
6.289859000000001,7581,7581
6.2908610000000005,7229,7229
6.291861000000001,6929,6929
6.2928630000000005,6626,6626
6.293864,6328,6328
6.2948640000000005,6010,6010
6.295864000000001,5712,5712
6.296865,5419,5419
6.297865000000001,5077,5077
6.298866,4779,4779
6.299866000000001,4477,4477
6.300867,4153,4153
6.3018670000000006,3856,3856
6.302869,3555,3555
6.303869000000001,3233,3233
6.30487,2920,2920
6.3058700000000005,2602,2602
6.306870000000001,2305,2305
6.307872000000001,2004,2004
6.308873,1709,1709
6.309874000000001,1386,1386
6.310875,1074,1074
6.311875000000001,713,713
6.312876,406,406
6.3138760000000005,91,91
6.314876000000001,16133,16133
6.3158780000000005,15813,15813
6.31688,15493,15493
6.317880000000001,15140,15140
6.318881,14794,14794
6.3198810000000005,14473,14473
6.320882,14133,14133
6.3218820000000004,13815,13815
6.322882000000001,13507,13507
6.323883,13164,13164
6.324883000000001,12847,12847
6.325884,12481,12481
6.326884000000001,12163,12163
6.327885,11847,11847
6.328886000000001,11532,11532
6.329887,11200,11200
6.330888000000001,10900,10900
6.331889,10599,10599
6.332889000000001,10253,10253
6.33389,9959,9959
6.334891000000001,9633,9633
6.335892,9335,9335
6.336892000000001,9036,9036
6.337894,8735,8735
6.338894000000001,8406,8406
6.339896,8080,8080
6.340896000000001,7751,7751
6.341897,7446,7446
6.342897000000001,7143,7143
6.343899,6817,6817
6.344899000000001,6521,6521
6.3459,6224,6224
6.346901000000001,5875,5875
6.347902,5584,5584
6.348902000000001,5288,5288
6.349904,4968,4968
6.350904000000001,4668,4668
6.3519060000000005,4372,4372
6.352906000000001,4042,4042
6.353907,3718,3718
6.354908,3402,3402
6.3559090000000005,3110,3110
6.356909000000001,2814,2814
6.35791,2517,2517
6.358911,2202,2202
6.359911,1902,1902
6.360911000000001,1549,1549
6.361912,1247,1247
6.362912000000001,942,942
6.363913,630,630
6.364914000000001,290,290
6.365916,16363,16363
6.366916000000001,16047,16047
6.367917,15667,15667
6.368918000000001,15345,15345
6.369919,15000,15000
6.370920000000001,14678,14678
6.371921,14360,14360
6.372921000000001,14021,14021
6.3739230000000004,13706,13706
6.374923000000001,13365,13365
6.375924,13023,13023
6.376924000000001,12710,12710
6.377926,12387,12387
6.378926000000001,12041,12041
6.379927,11732,11732
6.380928000000001,11421,11421
6.381929,11060,11060
6.38293,10759,10759
6.38393,10460,10460
6.384931000000001,10139,10139
6.385932,9844,9844
6.386932000000001,9544,9544
6.387933,9225,9225
6.388934000000001,8896,8896
6.389935,8568,8568
6.390936000000001,8267,8267
6.391937,7963,7963
6.392937000000001,7656,7656
6.3939390000000005,7329,7329
6.394939000000001,7027,7027
6.39594,6672,6672
6.396940000000001,6376,6376
6.397941,6080,6080
6.398942000000001,5763,5763
6.3999440000000005,5465,5465
6.400944000000001,5169,5169
6.401945,4875,4875
6.402945000000001,4524,4524
6.403946,4222,4222
6.404946000000001,3897,3897
6.405947,3600,3600
6.406947000000001,3302,3302
6.407948,2983,2983
6.4089480000000005,2694,2694
6.409948000000001,2347,2347
6.4109490000000005,2053,2053
6.411949000000001,1752,1752
6.4129510000000005,1449,1449
6.413951000000001,1119,1119
6.414952,808,808
6.415952000000001,500,500
6.416953,132,132
6.417953000000001,16196,16196
6.418954,15851,15851
6.419954000000001,15529,15529
6.420956,15202,15202
6.421956000000001,14879,14879
6.422957,14534,14534
6.423958000000001,14191,14191
6.4249600000000004,13847,13847
6.425960000000001,13533,13533
6.426961,13220,13220
6.427961000000001,12902,12902
6.428963,12557,12557
6.429963000000001,12238,12238
6.430964,11868,11868
6.431965000000001,11552,11552
6.4329670000000005,11241,11241
6.433969,10916,10916
6.434969000000001,10614,10614
6.43597,10317,10317
6.4369700000000005,9997,9997
6.437970000000001,9674,9674
6.4389710000000004,9368,9368
6.439971000000001,9043,9043
6.440972,8744,8744
6.441972000000001,8440,8440
6.442973,8108,8108
6.443974000000001,7806,7806
6.444975,7452,7452
6.445975000000001,7144,7144
6.446977,6844,6844
6.447977000000001,6544,6544
6.4489790000000005,6219,6219
6.449979000000001,5925,5925
6.4509810000000005,5625,5625
6.451981000000001,5286,5286
6.452982,4987,4987
6.453982000000001,4658,4658
6.4549840000000005,4363,4363
6.455985,4057,4057
6.456985,3760,3760
6.457986,3436,3436
6.4589870000000005,3117,3117
6.459987000000001,2799,2799
6.460988,2503,2503
6.461988000000001,2208,2208
6.4629900000000005,1884,1884
6.463991,1584,1584
6.464991,1277,1277
6.465991000000001,921,921
6.466992,609,609
6.467992000000001,294,294
6.468994,16341,16341
6.469994000000001,16023,16023
6.470995,15699,15699
6.471996000000001,15349,15349
6.472997,15001,15001
6.473998000000001,14652,14652
6.4750000000000005,14331,14331
6.476000000000001,14015,14015
6.4770010000000005,13702,13702
6.478002,13363,13363
6.4790030000000005,13045,13045
6.480003000000001,12682,12682
6.481004,12364,12364
6.482005,12042,12042
6.483005,11703,11703
6.484006000000001,11390,11390
6.485007,11081,11081
6.486008,10779,10779
6.4870090000000005,10436,10436
6.488009000000001,10139,10139
6.48901,9815,9815
6.490011000000001,9517,9517
6.4910120000000004,9219,9219
6.492012000000001,8889,8889
6.493013,8588,8588
6.494013000000001,8235,8235
6.495015,7934,7934
6.496015000000001,7623,7623
6.4970170000000005,7321,7321
6.498017000000001,6995,6995
6.499018,6694,6694
6.500019,6394,6394
6.501019,6049,6049
6.502020000000001,5755,5755
6.5030220000000005,5433,5433
6.504022000000001,5136,5136
6.505024000000001,4843,4843
6.506025,4543,4543
6.5070250000000005,4216,4216
6.508026,3890,3890
6.509027000000001,3566,3566
6.510028,3271,3271
6.511029000000001,2976,2976
6.512031,2663,2663
6.513031000000001,2363,2363
6.514033,2067,2067
6.515034,1719,1719
6.516034,1416,1416
6.517034000000001,1109,1109
6.518035,775,775
6.519036000000001,465,465
6.5200380000000004,155,155
6.521038000000001,16218,16218
6.5220400000000005,15845,15845
6.523041,15520,15520
6.524041,15171,15171
6.525041000000001,14849,14849
6.526042,14530,14530
6.527042000000001,14189,14189
6.528044,13872,13872
6.529044000000001,13505,13505
6.530045,13193,13193
6.531045000000001,12878,12878
6.532047,12531,12531
6.533047000000001,12215,12215
6.534048,11900,11900
6.535049000000001,11585,11585
6.53605,11222,11222
6.537050000000001,10923,10923
6.538051,10602,10602
6.539052000000001,10295,10295
6.540053,10004,10004
6.541053000000001,9707,9707
6.542054,9381,9381
6.543055000000001,9056,9056
6.5440570000000005,8729,8729
6.545057000000001,8426,8426
6.5460590000000005,8126,8126
6.547059000000001,7796,7796
6.548061000000001,7491,7491
6.549063,7187,7187
6.550063000000001,6835,6835
6.551065,6535,6535
6.552065000000001,6243,6243
6.553066,5919,5919
6.554066000000001,5623,5623
6.555068,5331,5331
6.556069000000001,5009,5009
6.5570710000000005,4684,4684
6.558073,4357,4357
6.559074000000001,4060,4060
6.560075,3763,3763
6.561075000000001,3461,3461
6.562077,3144,3144
6.563077000000001,2852,2852
6.564078,2507,2507
6.565079000000001,2210,2210
6.56608,1916,1916
6.567080000000001,1584,1584
6.568082,1281,1281
6.569083,975,975
6.5700840000000005,663,663
6.571085,300,300
6.572085,16369,16369
6.573086,16026,16026
6.5740870000000005,15704,15704
6.575088,15378,15378
6.576088,15029,15029
6.577088000000001,14712,14712
6.57809,14336,14336
6.579090000000001,14021,14021
6.580091,13711,13711
6.581092000000001,13395,13395
6.582093,13052,13052
6.583094,12736,12736
6.584094,12421,12421
6.585095000000001,12050,12050
6.5860970000000005,11732,11732
6.587098,11423,11423
6.5880980000000005,11089,11089
6.589098000000001,10787,10787
6.5901000000000005,10492,10492
6.591101,10172,10172
6.592101,9848,9848
6.593101000000001,9523,9523
6.5941030000000005,9222,9222
6.595104,8923,8923
6.596104,8621,8621
6.597104000000001,8294,8294
6.5981060000000005,7990,7990
6.599107,7633,7633
6.600107,7330,7330
6.601107000000001,7026,7026
6.602108,6702,6702
6.603108000000001,6403,6403
6.60411,6105,6105
6.605111000000001,5790,5790
6.606113000000001,5467,5467
6.607114,5169,5169
6.608115000000001,4848,4848
6.609116,4550,4550
6.6101160000000005,4244,4244
6.611117,3918,3918
6.612118000000001,3617,3617
6.61312,3275,3275
6.614120000000001,2980,2980
6.615121,2686,2686
6.616122000000001,2391,2391
6.617123,2065,2065
6.618123000000001,1763,1763
6.619124,1460,1460
6.620125000000001,1105,1105
6.621126,793,793
6.622126000000001,457,457
6.623128,145,145
6.624128000000001,16212,16212
6.625129,15887,15887
6.626129000000001,15540,15540
6.62713,15191,15191
6.6281300000000005,14838,14838
6.629130000000001,14518,14518
6.630132000000001,14200,14200
6.631133,13863,13863
6.6321330000000005,13554,13554
6.633133000000001,13248,13248
6.634135000000001,12884,12884
6.635136,12577,12577
6.636137000000001,12270,12270
6.637138,11946,11946
6.6381380000000005,11648,11648
6.639139,11358,11358
6.6401390000000005,11045,11045
6.641139000000001,10748,10748
6.64214,10472,10472
6.643141000000001,10182,10182
6.644142,9908,9908
6.645142000000001,9636,9636
6.6461440000000005,9347,9347
6.647144000000001,9078,9078
6.648145,8768,8768
6.649145000000001,8501,8501
6.650146,8239,8239
6.651146000000001,7949,7949
6.652147,7685,7685
6.653147000000001,7424,7424
6.654148,7164,7164
6.6551480000000005,6863,6863
6.656148000000001,6614,6614
6.657150000000001,6345,6345
6.658151,6098,6098
6.6591510000000005,5858,5858
6.660151000000001,5598,5598
6.661152,5360,5360
6.662153,5103,5103
6.663153,4845,4845
6.664153000000001,4608,4608
6.665155,4369,4369
6.666155000000001,4115,4115
6.667156,3883,3883
6.668156000000001,3648,3648
6.669157,3387,3387
6.670158000000001,3166,3166
6.67116,2928,2928
6.672161,2709,2709
6.673161,2495,2495
6.674161000000001,2273,2273
6.675162,2041,2041
6.676162000000001,1807,1807
6.677163,1587,1587
6.6781630000000005,1353,1353
6.679164,1139,1139
6.680165000000001,922,922
6.681166,688,688
6.6821660000000005,478,478
6.683166000000001,236,236
6.684167,29,29
6.685168,16203,16203
6.686168,15975,15975
6.687168000000001,15764,15764
6.688169,15552,15552
6.689170000000001,15345,15345
6.690171,15102,15102
6.691171000000001,14894,14894
6.692173,14679,14679
6.693173000000001,14481,14481
6.694175,14287,14287
6.695176,14078,14078
6.6961770000000005,13888,13888
6.697178,13673,13673
6.698178,13488,13488
6.699178000000001,13306,13306
6.7001800000000005,13123,13123
6.701180000000001,12926,12926
6.702181,12745,12745
6.703181000000001,12564,12564
6.7041830000000004,12357,12357
6.705184,12180,12180
6.706184,11994,11994
6.707184000000001,11819,11819
6.708185,11653,11653
6.709185000000001,11492,11492
6.710186,11325,11325
6.7111860000000005,11157,11157
6.712187,11000,11000
6.7131870000000005,10855,10855
6.714188,10713,10713
6.715188,10564,10564
6.716188000000001,10422,10422
6.717192000000001,10284,10284
6.718193,10120,10120
6.719193000000001,9978,9978
6.720195,9842,9842
6.721195000000001,9694,9694
6.722196,9557,9557
6.723196000000001,9420,9420
6.724197,9273,9273
6.7251970000000005,9130,9130
6.726198,8999,8999
6.7271980000000005,8861,8861
6.728198000000001,8738,8738
6.729199,8613,8613
6.730199000000001,8488,8488
6.731201,8372,8372
6.732201000000001,8237,8237
6.7332030000000005,8126,8126
6.734204,8013,8013
6.7352050000000006,7892,7892
6.736206,7783,7783
6.7372060000000005,7670,7670
6.738207,7558,7558
6.739207,7426,7426
6.740207000000001,7317,7317
6.741208,7201,7201
6.742208000000001,7097,7097
6.743209,6992,6992
6.744209000000001,6891,6891
6.74521,6782,6782
6.7462100000000005,6677,6677
6.747210000000001,6572,6572
6.748211,6482,6482
6.749211000000001,6393,6393
6.750212,6300,6300
6.751212000000001,6218,6218
6.752214,6140,6140
6.753214000000001,6052,6052
6.754216,5982,5982
6.755217,5918,5918
6.756217,5849,5849
6.757218000000001,5789,5789
6.758220000000001,5734,5734
6.759221,5673,5673
6.760222000000001,5621,5621
6.761224,5567,5567
6.762225000000001,5523,5523
6.763226,5477,5477
6.764226000000001,5433,5433
6.765227,5384,5384
6.766227000000001,5343,5343
6.767228,5295,5295
6.768229000000001,5255,5255
6.76923,5210,5210
6.770230000000001,5164,5164
6.771231,5119,5119
6.7722310000000006,5080,5080
6.773232,5033,5033
6.774233000000001,4980,4980
6.775234,4936,4936
6.776235000000001,4886,4886
6.777237,4840,4840
6.778238,4796,4796
6.779238,4746,4746
6.780238000000001,4700,4700
6.781239,4649,4649
6.782239000000001,4603,4603
6.78324,4558,4558
6.7842400000000005,4519,4519
6.785240000000001,4474,4474
6.786241,4432,4432
6.787241000000001,4396,4396
6.788242,4352,4352
6.789242000000001,4318,4318
6.790244,4279,4279
6.791244000000001,4248,4248
6.792245,4217,4217
6.793245000000001,4189,4189
6.794247,4161,4161
6.795248000000001,4131,4131
6.796249,4108,4108
6.79725,4086,4086
6.7982510000000005,4067,4067
6.799251000000001,4051,4051
6.800252,4032,4032
6.801252000000001,4017,4017
6.802253,4003,4003
6.803254000000001,3997,3997
6.804255,3987,3987
6.805255000000001,3982,3982
6.806256,3982,3982
6.807256000000001,3981,3981
6.808257,3978,3978
6.809258000000001,3980,3980
6.810259,3979,3979
6.811260000000001,3981,3981
6.8122620000000005,3986,3986
6.813262000000001,3983,3983
6.814263,3984,3984
6.815263000000001,3986,3986
6.8162650000000005,3990,3990
6.817266,3992,3992
6.818266,3990,3990
6.819267000000001,3989,3989
6.820268,3994,3994
6.821269,3993,3993
6.822269,3988,3988
6.823269000000001,3990,3990
6.82427,3991,3991
6.825271000000001,3990,3990
6.8262730000000005,3990,3990
6.827273000000001,3993,3993
6.828274,3992,3992
6.829274000000001,3990,3990
6.8302760000000005,3993,3993
6.831277,3995,3995
6.832277,3994,3994
6.833277000000001,3993,3993
6.834279,3991,3991
6.835279000000001,3990,3990
6.83628,3993,3993
6.837280000000001,3991,3991
6.838281,3992,3992
6.839282000000001,3990,3990
6.840283,3992,3992
6.841283000000001,3988,3988
6.842284,3990,3990
6.843285000000001,3991,3991
6.844286,3991,3991
6.845286000000001,3992,3992
6.846288,3991,3991
6.847289000000001,3990,3990
6.84829,3988,3988
6.849290000000001,3989,3989
6.8502920000000005,3990,3990
6.851292000000001,3992,3992
6.852293,3990,3990
6.853293000000001,3991,3991
6.854294,3992,3992
6.855295000000001,3992,3992
6.856296,3994,3994
6.857296000000001,3993,3993
6.858297,3994,3994
6.859297000000001,3992,3992
6.860298,3992,3992
6.861306000000001,3990,3990
6.8623080000000005,3992,3992
6.863308000000001,3990,3990
6.864309,3990,3990
6.86531,3992,3992
6.86631,3994,3994
6.867311000000001,3994,3994
6.868312,3991,3991
6.869313,3990,3990
6.870313,3992,3992
6.871313000000001,3993,3993
6.872315,3991,3991
6.873316,3994,3994
6.874316,3992,3992
6.875316000000001,3991,3991
6.876317,3992,3992
6.877317000000001,3991,3991
6.878319,3991,3991
6.879319000000001,3990,3990
6.88032,3994,3994
6.8813200000000005,3992,3992
6.882321,3992,3992
6.883322000000001,3991,3991
6.884323,3994,3994
6.8853230000000005,3990,3990
6.886324,3992,3992
6.8873240000000004,3992,3992
6.888325,3992,3992
6.889325,3993,3993
6.890325000000001,3992,3992
6.891326,3992,3992
6.892327000000001,3993,3993
6.893328,3994,3994
6.894329000000001,3991,3991
6.8953310000000005,3992,3992
6.896333,3993,3993
6.897334000000001,3992,3992
6.898335,3993,3993
6.899335000000001,3992,3992
6.900337,3991,3991
6.901337000000001,3992,3992
6.9023390000000004,3991,3991
6.903339000000001,3990,3990
6.9043410000000005,3993,3993
6.905341000000001,3991,3991
6.906342,3991,3991
6.907343,3992,3992
6.908343,3990,3990
6.909343000000001,3991,3991
6.910344,3990,3990
6.911344000000001,3991,3991
6.912345,3992,3992
6.913346000000001,3991,3991
6.914348,3991,3991
6.915349000000001,3992,3992
6.91635,3992,3992
6.917350000000001,3992,3992
6.918351,3991,3991
6.919351000000001,3988,3988
6.920352,3993,3993
6.921352000000001,3993,3993
6.922353,3993,3993
6.923354000000001,3995,3995
6.924355,3992,3992
6.925356000000001,3988,3988
6.9263580000000005,3997,3997
6.927358000000001,3993,3993
6.928359,3991,3991
6.929360000000001,3990,3990
6.930362000000001,3992,3992
6.931363,3990,3990
6.9323630000000005,3989,3989
6.933363000000001,3993,3993
6.934364,3991,3991
6.935365,3992,3992
6.936365,3989,3989
6.937365000000001,3992,3992
6.938366,3991,3991
6.939366000000001,3993,3993
6.940367,3992,3992
6.9413670000000005,3993,3993
6.9423710000000005,3992,3992
6.943372,3992,3992
6.944372,3992,3992
6.945372000000001,3990,3990
6.9463740000000005,3992,3992
6.947374000000001,3990,3990
6.948375,3991,3991
6.949375000000001,3991,3991
6.9503770000000005,3991,3991
6.951378,3992,3992
6.952378,3991,3991
6.953378000000001,3994,3994
6.954379,3996,3996
6.955380000000001,3989,3989
6.956381,3994,3994
6.957382000000001,3991,3991
6.958383,3992,3992
6.959384,3992,3992
6.960384,3992,3992
6.961384000000001,3993,3993
6.962386,3993,3993
6.963386000000001,3993,3993
6.964387,3992,3992
6.965388000000001,3994,3994
6.9663900000000005,3991,3991
6.967390000000001,3992,3992
6.9683910000000004,3992,3992
6.969391000000001,3993,3993
6.970392,3991,3991
6.971392000000001,3993,3993
6.972393,3995,3995
6.973394000000001,3995,3995
6.974395,3991,3991
6.975396000000001,3991,3991
6.9763980000000005,3993,3993
6.977399,3988,3988
6.9783990000000005,3989,3989
6.9794,3994,3994
6.9804,3993,3993
6.981400000000001,3993,3993
6.982401,3993,3993
6.983401000000001,3992,3992
6.984402,3992,3992
6.985403000000001,3993,3993
6.986404,3993,3993
6.987405000000001,3989,3989
6.988406,3992,3992
6.989406000000001,3990,3990
6.990407,3990,3990
6.991408000000001,3990,3990
6.992409,3990,3990
6.993409000000001,3992,3992
6.99441,3993,3993
6.995411000000001,3992,3992
6.996412,3991,3991
6.997412000000001,3993,3993
6.998414,3992,3992
6.999415000000001,3992,3992
7.000416,3993,3993
7.001417,3994,3994
7.002417,3992,3992
7.003417000000001,3993,3993
7.004418,3994,3994
7.005419000000001,3993,3993
7.00642,3992,3992
7.007420000000001,3992,3992
7.008421,3995,3995
7.009421000000001,3992,3992
7.010422,3992,3992
7.011423000000001,3993,3993
7.012425,3992,3992
7.013425000000001,3992,3992
7.014426,3993,3993
7.015427000000001,3994,3994
7.0164290000000005,3991,3991
7.01743,3991,3991
7.0184310000000005,3989,3989
7.019431000000001,3993,3993
7.0204320000000004,3993,3993
7.021432000000001,3992,3992
7.022433,3997,3997
7.023434000000001,3990,3990
7.024435,3993,3993
7.025435000000001,3991,3991
7.0264370000000005,3990,3990
7.027438,3995,3995
7.028438,3989,3989
7.029438000000001,3993,3993
7.030439,3993,3993
7.031440000000001,3992,3992
7.032441,3991,3991
7.033441000000001,3993,3993
7.034442,3992,3992
7.035442000000001,3993,3993
7.036443,3990,3990
7.037444000000001,3992,3992
7.038445,3989,3989
7.039445000000001,3990,3990
7.040447,3992,3992
7.041448000000001,3993,3993
7.042449,3990,3990
7.043449000000001,3995,3995
7.04445,3993,3993
7.045450000000001,3991,3991
7.046451,3994,3994
7.047452000000001,3990,3990
7.048453,3993,3993
7.049453000000001,3995,3995
7.050454,3995,3995
7.0514540000000006,3990,3990
7.052455,3992,3992
7.053456000000001,3993,3993
7.054458,3992,3992
7.055459000000001,3993,3993
7.05646,3992,3992
7.057461,3995,3995
7.058461,3992,3992
7.059461000000001,3989,3989
7.060463,3988,3988
7.061463000000001,3990,3990
7.062464,3990,3990
7.063465000000001,3992,3992
7.064466,3996,3996
7.065466000000001,3995,3995
7.066467,3992,3992
7.067467000000001,3992,3992
7.068468,3995,3995
7.0694680000000005,3995,3995
7.070469,3989,3989
7.071470000000001,3988,3988
7.072471,3994,3994
7.073472000000001,3995,3995
7.074474,3995,3995
7.075474000000001,3990,3990
7.076475,3994,3994
7.077475000000001,3994,3994
7.078476,3992,3992
7.0794760000000005,3993,3993
7.080478,3994,3994
7.081479000000001,3990,3990
7.0824810000000005,3992,3992
7.083481000000001,3989,3989
7.0844830000000005,3994,3994
7.085484,3992,3992
7.0864840000000004,3991,3991
7.087484000000001,3993,3993
7.088485,3993,3993
7.089486000000001,3993,3993
7.090487,3995,3995
7.091488,3991,3991
7.092488,3991,3991
7.093488000000001,3993,3993
7.094489,3993,3993
7.095489000000001,3995,3995
7.09649,3992,3992
7.097491000000001,3992,3992
7.098492,3994,3994
7.099492000000001,3995,3995
7.100493,3993,3993
7.1014930000000005,3990,3990
7.102493000000001,3991,3991
7.103494,3993,3993
7.104495,3992,3992
7.105495,3988,3988
7.106496000000001,3994,3994
7.107497,3992,3992
7.108498,3989,3989
7.1094990000000005,3993,3993
7.1105,3990,3990
7.1115010000000005,3994,3994
7.112501000000001,3991,3991
7.113503000000001,3991,3991
7.114505,3992,3992
7.115505000000001,3990,3990
7.116506,3993,3993
7.1175060000000006,3992,3992
7.118508,3992,3992
7.119509000000001,3995,3995
7.1205110000000005,3989,3989
7.121511000000001,3992,3992
7.122512,3991,3991
7.123512000000001,3994,3994
7.124513,3992,3992
7.125513000000001,3992,3992
7.126515,3992,3992
7.127515000000001,3992,3992
7.128517,3992,3992
7.129517000000001,3991,3991
7.1305190000000005,3993,3993
7.13152,3992,3992
7.13252,3995,3995
7.133521,3992,3992
7.134521,3994,3994
7.135521000000001,3995,3995
7.136523,3992,3992
7.137524,3994,3994
7.1385250000000005,3994,3994
7.139525000000001,3991,3991
7.140526,3995,3995
7.141526000000001,3992,3992
7.142527,3992,3992
7.143527000000001,3993,3993
7.144529,3993,3993
7.145529000000001,3992,3992
7.14653,3993,3993
7.147531000000001,3993,3993
7.148532,3992,3992
7.149533000000001,3990,3990
7.150534,3994,3994
7.151534000000001,3994,3994
7.152535,3995,3995
7.153536000000001,3992,3992
7.154537,3993,3993
7.155537000000001,3990,3990
7.156539,3992,3992
7.157539000000001,3992,3992
7.15854,3994,3994
7.159541000000001,3994,3994
7.160542,3992,3992
7.161543,3995,3995
7.162543,3993,3993
7.163543000000001,3993,3993
7.164545,3992,3992
7.165545000000001,3995,3995
7.1665470000000004,3992,3992
7.167547000000001,3988,3988
7.168548,3992,3992
7.169549000000001,3992,3992
7.17055,3991,3991
7.171551,3991,3991
7.172551,3989,3989
7.173551000000001,3992,3992
7.174552,3991,3991
7.175553000000001,3995,3995
7.1765550000000005,3991,3991
7.177555000000001,3994,3994
7.1785570000000005,3992,3992
7.179558,3997,3997
7.180559000000001,3992,3992
7.18156,3994,3994
7.182561000000001,3994,3994
7.183562,3995,3995
7.184562000000001,3993,3993
7.185564,3993,3993
7.186564000000001,3992,3992
7.187565,3992,3992
7.1885650000000005,3993,3993
7.189566,3991,3991
7.1905660000000005,3992,3992
7.191566000000001,3992,3992
7.1925680000000005,3993,3993
7.193568000000001,3993,3993
7.194569,3993,3993
7.19557,3993,3993
7.19657,3995,3995
7.197571000000001,3993,3993
7.198572,3993,3993
7.199572000000001,3992,3992
7.2005740000000005,3994,3994
7.201574000000001,3995,3995
7.202575,3992,3992
7.203575000000001,3992,3992
7.204576,3994,3994
7.205577000000001,3989,3989
7.206578,3992,3992
7.207579000000001,3994,3994
7.20858,3992,3992
7.209581,3994,3994
7.210581,3988,3988
7.211581000000001,3993,3993
7.212582,3993,3993
7.213582000000001,3993,3993
7.214583,3991,3991
7.215584000000001,3991,3991
7.216585,3993,3993
7.217585000000001,3989,3989
7.218587,3991,3991
7.219587000000001,3991,3991
7.220588,3994,3994
7.221588000000001,3992,3992
7.22259,3992,3992
7.223591000000001,3995,3995
7.2245930000000005,3993,3993
7.225594,3992,3992
7.226594,3992,3992
7.227595,3992,3992
7.2285960000000005,3992,3992
7.229596000000001,3992,3992
7.230597,3992,3992
7.231598000000001,3992,3992
7.2325990000000004,3990,3990
7.2336,3990,3990
7.2346,3992,3992
7.235601000000001,3992,3992
7.236602,3992,3992
7.237603,3995,3995
7.2386040000000005,3993,3993
7.239604000000001,3995,3995
7.240605,3993,3993
7.241606,3992,3992
7.242606,3993,3993
7.243606000000001,3994,3994
7.244608,3991,3991
7.245609000000001,3996,3996
7.24661,3994,3994
7.247611,3994,3994
7.248611,3990,3990
7.249611000000001,3993,3993
7.250612,3991,3991
7.251613000000001,3992,3992
7.2526150000000005,3990,3990
7.253615000000001,3993,3993
7.254616,3990,3990
7.255617,3992,3992
7.256617,3992,3992
7.257617000000001,3991,3991
7.258618,3990,3990
7.259619000000001,3994,3994
7.260621,3993,3993
7.261621000000001,3993,3993
7.262622,3992,3992
7.263622000000001,3992,3992
7.264624,3993,3993
7.265625,3993,3993
7.266625,3992,3992
7.267625000000001,3992,3992
7.268627,3994,3994
7.269628000000001,3993,3993
7.2706290000000005,3994,3994
7.271629000000001,3992,3992
7.27263,3991,3991
7.273631000000001,3992,3992
7.274632,3992,3992
7.275632000000001,3992,3992
7.2766340000000005,3992,3992
7.277635,3991,3991
7.278635,3992,3992
7.279635000000001,3991,3991
7.280636,3994,3994
7.281636000000001,3994,3994
7.282638,3992,3992
7.283638000000001,3992,3992
7.284639,3990,3990
7.285639000000001,3990,3990
7.28664,3992,3992
7.287640000000001,3993,3993
7.288641,3994,3994
7.2896410000000005,3990,3990
7.290642,3992,3992
7.2916430000000005,3992,3992
7.292644,3995,3995
7.293645000000001,3990,3990
7.294646,3993,3993
7.2956460000000005,3994,3994
7.296647,3992,3992
7.297648000000001,3993,3993
7.298649,3995,3995
7.299650000000001,3992,3992
7.300652,3994,3994
7.301652000000001,3988,3988
7.302654,3993,3993
7.303654000000001,3991,3991
7.304655,3991,3991
7.305655000000001,3991,3991
7.306657,3991,3991
7.307657000000001,3994,3994
7.308658,3992,3992
7.309659000000001,3991,3991
7.31066,3993,3993
7.311660000000001,3992,3992
7.312661,3991,3991
7.313661000000001,3990,3990
7.314662,3992,3992
7.3156620000000006,3993,3993
7.316663,3989,3989
7.3176630000000005,3992,3992
7.318664,3991,3991
7.319664,3989,3989
7.320664000000001,3992,3992
7.321665,3994,3994
7.322665000000001,3994,3994
7.323666,3992,3992
7.324666000000001,3993,3993
7.325668,3993,3993
7.326669000000001,3994,3994
7.32767,3992,3992
7.328670000000001,3994,3994
7.329671,3993,3993
7.330671000000001,3992,3992
7.331673,3992,3992
7.332673000000001,3990,3990
7.333674,3993,3993
7.334675000000001,3993,3993
7.3356770000000004,3992,3992
7.336678,3993,3993
7.3376790000000005,3997,3997
7.33868,3992,3992
7.339681000000001,3990,3990
7.340683,3992,3992
7.341684000000001,3992,3992
7.342685,3995,3995
7.343686000000001,3993,3993
7.344687,3993,3993
7.345687000000001,3992,3992
7.3466890000000005,3992,3992
7.347689000000001,3991,3991
7.34869,3994,3994
7.349690000000001,3992,3992
7.350691,3991,3991
7.351692000000001,3992,3992
7.3526940000000005,3992,3992
7.353695,3991,3991
7.354696000000001,3992,3992
7.355697,3993,3993
7.3566970000000005,3991,3991
7.357697000000001,3991,3991
7.3586990000000005,3992,3992
7.3597,3995,3995
7.3607000000000005,3991,3991
7.361700000000001,3992,3992
7.362701,3991,3991
7.363702000000001,3991,3991
7.364703,3994,3994
7.365704,3993,3993
7.366704,3992,3992
7.367704000000001,3994,3994
7.368705,3992,3992
7.369706000000001,3993,3993
7.3707080000000005,3992,3992
7.371708000000001,3992,3992
7.372709,3993,3993
7.373709000000001,3993,3993
7.37471,3992,3992
7.375710000000001,3992,3992
7.376712,3992,3992
7.377712000000001,3993,3993
7.378714,3993,3993
7.379715,3995,3995
7.380715,3992,3992
7.381716000000001,3993,3993
7.382717,3993,3993
7.383717000000001,3995,3995
7.384718,3993,3993
7.385719000000001,3993,3993
7.38672,3993,3993
7.387720000000001,3993,3993
7.388721,3993,3993
7.389722000000001,3995,3995
7.390723,3993,3993
7.391723000000001,3990,3990
7.392725,3992,3992
7.393725000000001,3994,3994
7.394726,3989,3989
7.395726000000001,3994,3994
7.396728,3990,3990
7.397728000000001,3989,3989
7.398729,3991,3991
7.399730000000001,3990,3990
7.4007320000000005,3994,3994
7.401732000000001,3990,3990
7.402734000000001,3992,3992
7.403735,3992,3992
7.4047350000000005,3991,3991
7.405735000000001,3992,3992
7.406737000000001,3992,3992
7.407739,3991,3991
7.408739000000001,3993,3993
7.40974,3992,3992
7.4107400000000005,3995,3995
7.411742,3991,3991
7.412742000000001,3993,3993
7.413743,3994,3994
7.414744000000001,3994,3994
7.415745,3993,3993
7.416746000000001,3993,3993
7.417747,3992,3992
7.418748000000001,3992,3992
7.419749,3991,3991
7.420749000000001,3992,3992
7.42175,3993,3993
7.422751000000001,3993,3993
7.423752,3990,3990
7.424753000000001,3991,3991
7.425754,3993,3993
7.426754000000001,3994,3994
7.4277560000000005,3992,3992
7.428756000000001,3993,3993
7.429757,3992,3992
7.430757000000001,3992,3992
7.431758,3993,3993
7.432758000000001,3990,3990
7.433759,3993,3993
7.434759000000001,3991,3991
7.435761,3992,3992
7.436761000000001,3992,3992
7.437762,3988,3988
7.4387620000000005,3993,3993
7.439763,3991,3991
7.4407630000000005,3990,3990
7.441764,3990,3990
7.442764,3992,3992
7.443764000000001,3991,3991
7.444766,3992,3992
7.445767,3992,3992
7.446767,3994,3994
7.447768000000001,3995,3995
7.448770000000001,3993,3993
7.449772,3990,3990
7.450773000000001,3994,3994
7.451774,3993,3993
7.452774000000001,3991,3991
7.453775,3992,3992
7.454775000000001,3993,3993
7.455776,3989,3989
7.4567760000000005,3995,3995
7.457776000000001,3991,3991
7.458777,3993,3993
7.459778,3994,3994
7.460778,3992,3992
7.461778000000001,3992,3992
7.462779,3992,3992
7.463779000000001,3992,3992
7.46478,3990,3990
7.465781000000001,3994,3994
7.466782,3996,3996
7.467783000000001,3992,3992
7.4687850000000005,3991,3991
7.469785000000001,3990,3990
7.470786,3997,3997
7.471786000000001,3993,3993
7.472787,3993,3993
7.473787000000001,3994,3994
7.474788,3992,3992
7.4757880000000005,3992,3992
7.476789,3994,3994
7.4777890000000005,3991,3991
7.47879,3992,3992
7.47979,3994,3994
7.480790000000001,3992,3992
7.481791,3992,3992
7.482791000000001,3990,3990
7.483792,3993,3993
7.484793000000001,3993,3993
7.485795,3992,3992
7.486795000000001,3993,3993
7.487796,3992,3992
7.488796000000001,3993,3993
7.489797,3992,3992
7.490797000000001,3992,3992
7.491798,3992,3992
7.492799000000001,3995,3995
7.4938,3993,3993
7.494800000000001,3992,3992
7.495801,3995,3995
7.4968010000000005,3990,3990
7.497802,3995,3995
7.498802,3992,3992
7.499803,3995,3995
7.500803,3992,3992
7.501803000000001,3996,3996
7.502804,3992,3992
7.503804000000001,3988,3988
7.504806,3992,3992
7.505806000000001,3991,3991
7.506807,3989,3989
7.507808000000001,3994,3994
7.50881,3990,3990
7.509811,3987,3987
7.510811,3993,3993
7.511811000000001,3994,3994
7.512813,3992,3992
7.513813000000001,3991,3991
7.514814,3991,3991
7.515814000000001,3995,3995
7.516816,3989,3989
7.517816000000001,3992,3992
7.5188180000000004,3994,3994
7.519819,3992,3992
7.520819,3992,3992
7.521819000000001,3997,3997
7.52282,3992,3992
7.523820000000001,3993,3993
7.524822,3995,3995
7.525822000000001,3992,3992
7.526823,3995,3995
7.527823000000001,3994,3994
7.528824,3992,3992
7.5298240000000005,3994,3994
7.530825,3995,3995
7.531825,3992,3992
7.532825000000001,3992,3992
7.533826,3995,3995
7.534826000000001,3992,3992
7.535827,3994,3994
7.536827000000001,3992,3992
7.537828,3993,3993
7.5388280000000005,3994,3994
7.539828000000001,3992,3992
7.540830000000001,3991,3991
7.541831,3989,3989
7.5428310000000005,3992,3992
7.543831000000001,3991,3991
7.544832,3994,3994
7.545832000000001,3995,3995
7.546833,3991,3991
7.547833000000001,3992,3992
7.548835,3992,3992
7.549836,3995,3995
7.5508370000000005,3991,3991
7.551837000000001,3993,3993
7.552838,3993,3993
7.553838000000001,3992,3992
7.554839,3993,3993
7.555839000000001,3992,3992
7.55684,3992,3992
7.557840000000001,3991,3991
7.558841,3991,3991
7.559842000000001,3991,3991
7.560843,3990,3990
7.5618430000000005,3992,3992
7.562844,3992,3992
7.5638440000000005,3991,3991
7.564844000000001,3994,3994
7.5658460000000005,3992,3992
7.566846000000001,3993,3993
7.567848000000001,3993,3993
7.568849,3994,3994
7.5698490000000005,3993,3993
7.570849000000001,3992,3992
7.57185,3993,3993
7.572851,3991,3991
7.5738520000000005,3991,3991
7.574852000000001,3994,3994
7.575853,3993,3993
7.576854000000001,3993,3993
7.5778550000000005,3995,3995
7.578855000000001,3992,3992
7.579856,3992,3992
7.580856000000001,3992,3992
7.581857,3993,3993
7.582857000000001,3992,3992
7.583858,3990,3990
7.5848580000000005,3991,3991
7.585859,3992,3992
7.586860000000001,3996,3996
7.587861,3991,3991
7.588862000000001,3993,3993
7.589864,3992,3992
7.590864000000001,3989,3989
7.591865,3992,3992
7.592866000000001,3992,3992
7.593867,3992,3992
7.594868000000001,3996,3996
7.595869,3990,3990
7.596869000000001,3995,3995
7.59787,3991,3991
7.598870000000001,3992,3992
7.599871,3994,3994
7.600871000000001,3988,3988
7.601873,3994,3994
7.602874000000001,3994,3994
7.6038760000000005,3995,3995
7.604877,3994,3994
7.605877,3993,3993
7.606878,3992,3992
7.6078790000000005,3991,3991
7.60888,3993,3993
7.60988,3993,3993
7.610880000000001,3990,3990
7.611881,3992,3992
7.612881000000001,3992,3992
7.613882,3993,3993
7.614882000000001,3990,3990
7.615883,3992,3992
7.6168830000000005,3992,3992
7.617884,3991,3991
7.618885000000001,3991,3991
7.619887,3993,3993
7.620888000000001,3994,3994
7.621889,3996,3996
7.622889000000001,3992,3992
7.62389,3991,3991
7.624891000000001,3992,3992
7.6258930000000005,3989,3989
7.626893000000001,3994,3994
7.627894,3993,3993
7.628894000000001,3995,3995
7.6298960000000005,3994,3994
7.630896000000001,3995,3995
7.6318980000000005,3992,3992
7.632898000000001,3993,3993
7.633900000000001,3994,3994
7.634902,3992,3992
7.635902000000001,3994,3994
7.636903,3990,3990
7.637904000000001,3992,3992
7.638906,3989,3989
7.639906000000001,3992,3992
7.6409080000000005,3992,3992
7.641909,3992,3992
7.6429100000000005,3994,3994
7.643911,3993,3993
7.6449110000000005,3992,3992
7.645912,3990,3990
7.6469130000000005,3993,3993
7.647913000000001,3992,3992
7.648914,3992,3992
7.649914000000001,3994,3994
7.6509160000000005,3990,3990
7.651916000000001,3994,3994
7.652917,3990,3990
7.653917000000001,3993,3993
7.654918,3995,3995
7.655919000000001,3993,3993
7.65692,3992,3992
7.657920000000001,3991,3991
7.658921,3993,3993
7.659921000000001,3994,3994
7.660923,3994,3994
7.661923000000001,3992,3992
7.662925,3993,3993
7.663925000000001,3991,3991
7.664926,3992,3992
7.665927000000001,3995,3995
7.666928,3993,3993
7.667928000000001,3994,3994
7.6689300000000005,3990,3990
7.669930000000001,3992,3992
7.670931,3990,3990
7.671931000000001,3990,3990
7.6729330000000004,3993,3993
7.673933000000001,3993,3993
7.674934,3989,3989
7.675935000000001,3992,3992
7.676936,3996,3996
7.677937,3994,3994
7.678937,3992,3992
7.679938000000001,3994,3994
7.6809400000000005,3991,3991
7.681942,3994,3994
7.682942000000001,3992,3992
7.683943,3995,3995
7.6849430000000005,3994,3994
7.685943000000001,3992,3992
7.686945000000001,3992,3992
7.687946,3990,3990
7.6889460000000005,3994,3994
7.689946000000001,3993,3993
7.690948000000001,3994,3994
7.69195,3991,3991
7.692950000000001,3995,3995
7.693951,3993,3993
7.6949510000000005,3994,3994
7.695952,3995,3995
7.6969520000000005,3992,3992
7.697952000000001,3994,3994
7.6989540000000005,3993,3993
7.699954000000001,3992,3992
7.700955,3994,3994
7.701955000000001,3994,3994
7.702956,3992,3992
7.703956000000001,3997,3997
7.704958,3995,3995
7.705959,3992,3992
7.706959,3994,3994
7.707959000000001,3992,3992
7.70896,3995,3995
7.709960000000001,3994,3994
7.710961,3990,3990
7.7119610000000005,3991,3991
7.712962,3993,3993
7.713962,3993,3993
7.714963,3996,3996
7.715963,3992,3992
7.716964000000001,3989,3989
7.717965,3993,3993
7.718965000000001,3993,3993
7.719966,3994,3994
7.720966000000001,3994,3994
7.721968,3992,3992
7.722968000000001,3993,3993
7.723969,3991,3991
7.724969000000001,3990,3990
7.72597,3994,3994
7.726970000000001,3992,3992
7.727971,3992,3992
7.7289710000000005,3993,3993
7.729972,3995,3995
7.730972,3992,3992
7.731972000000001,3990,3990
7.732973,3991,3991
7.733973000000001,3991,3991
7.734974,3991,3991
7.735975000000001,3995,3995
7.736976,3993,3993
7.737976000000001,3992,3992
7.738977,3995,3995
7.7399770000000006,3996,3996
7.740979,3993,3993
7.741979000000001,3992,3992
7.74298,3993,3993
7.7439800000000005,3991,3991
7.744980000000001,3994,3994
7.7459810000000004,3994,3994
7.746981000000001,3992,3992
7.747982,3993,3993
7.748982000000001,3995,3995
7.749983,3993,3993
7.750983000000001,3993,3993
7.751985,3993,3993
7.752985000000001,3992,3992
7.753987,3993,3993
7.754987000000001,3993,3993
7.7559890000000005,3992,3992
7.756989000000001,3991,3991
7.75799,3995,3995
7.758991000000001,3992,3992
7.7599920000000004,3993,3993
7.760993,3995,3995
7.7619940000000005,3989,3989
7.762994000000001,3992,3992
7.763996000000001,3992,3992
7.764998,3992,3992
7.765998000000001,3995,3995
7.767,3993,3993
7.768000000000001,3992,3992
7.769001,3995,3995
7.770002000000001,3993,3993
7.7710040000000005,3997,3997
7.772004000000001,3993,3993
7.773005,3992,3992
7.774006000000001,3994,3994
7.7750070000000004,3991,3991
7.776007000000001,3989,3989
7.777008,3991,3991
7.778009000000001,3993,3993
7.77901,3992,3992
7.780010000000001,3992,3992
7.781011,3992,3992
7.782011000000001,3996,3996
7.783012,3993,3993
7.784013000000001,3995,3995
7.785014,3992,3992
7.786014000000001,3991,3991
7.787015,3992,3992
7.788015000000001,3995,3995
7.789016,3996,3996
7.790017000000001,3995,3995
7.791019,3993,3993
7.792019000000001,3995,3995
7.79302,3989,3989
7.794020000000001,3991,3991
7.795021,3994,3994
7.796022000000001,3992,3992
7.797023,3993,3993
7.798024000000001,3989,3989
7.799025,3993,3993
7.800025000000001,3991,3991
7.801027,3992,3992
7.802028000000001,3995,3995
7.803029,3992,3992
7.80403,3992,3992
7.80503,3991,3991
7.806030000000001,3992,3992
7.807031,3992,3992
7.808031000000001,3990,3990
7.809032,3993,3993
7.8100320000000005,3994,3994
7.811033,3993,3993
7.8120330000000004,3992,3992
7.813034,3993,3993
7.8140350000000005,3993,3993
7.815036,3992,3992
7.816036,3992,3992
7.817037,3990,3990
7.818037,3992,3992
7.819037000000001,3993,3993
7.820039,3991,3991
7.821039000000001,3991,3991
7.82204,3992,3992
7.823040000000001,3992,3992
7.824041,3994,3994
7.825041000000001,3997,3997
7.826042,3991,3991
7.8270420000000005,3989,3989
7.828042000000001,3993,3993
7.829043,3992,3992
7.830043000000001,3994,3994
7.831044,3992,3992
7.832044000000001,3997,3997
7.833046,3992,3992
7.834046000000001,3989,3989
7.835047,3994,3994
7.836047000000001,3992,3992
7.837048,3995,3995
7.838048000000001,3991,3991
7.83905,3993,3993
7.840050000000001,3992,3992
7.841052,3993,3993
7.842052000000001,3992,3992
7.843054,3992,3992
7.844055,3992,3992
7.845055,3993,3993
7.846055000000001,3991,3991
7.847056,3992,3992
7.848056000000001,3990,3990
7.849058,3992,3992
7.850058000000001,3992,3992
7.851059,3994,3994
7.852059000000001,3993,3993
7.85306,3994,3994
7.8540600000000005,3994,3994
7.855061,3994,3994
7.8560620000000005,3991,3991
7.857063,3994,3994
7.858064000000001,3992,3992
7.859065,3994,3994
7.8600650000000005,3994,3994
7.861066,3993,3993
7.862066,3992,3992
7.863066000000001,3995,3995
7.8640680000000005,3993,3993
7.865068000000001,3992,3992
7.866069,3993,3993
7.867069000000001,3992,3992
7.86807,3992,3992
7.869070000000001,3991,3991
7.870072,3995,3995
7.871073,3994,3994
7.872073,3992,3992
7.873073000000001,3992,3992
7.874074,3992,3992
7.875075000000001,3993,3993
7.876077,3995,3995
7.877077000000001,3995,3995
7.878078,3991,3991
7.879078000000001,3992,3992
7.88008,3993,3993
7.881080000000001,3989,3989
7.8820820000000005,3993,3993
7.883083,3993,3993
7.884083,3992,3992
7.885083000000001,3994,3994
7.886084,3990,3990
7.887084000000001,3991,3991
7.888086,3992,3992
7.889086000000001,3989,3989
7.890088,3990,3990
7.891088000000001,3992,3992
7.892089,3993,3993
7.893089000000001,3992,3992
7.894091,3995,3995
7.895092,3995,3995
7.8960930000000005,3992,3992
7.897093000000001,3990,3990
7.898094,3991,3991
7.899095000000001,3995,3995
7.9000960000000005,3991,3991
7.901097,3994,3994
7.902097,3992,3992
7.903097000000001,3994,3994
7.904098,3995,3995
7.905098000000001,3992,3992
7.906099,3993,3993
7.9070990000000005,3990,3990
7.9081,3992,3992
7.909101000000001,3992,3992
7.910102,3993,3993
7.9111020000000005,3992,3992
7.912102000000001,3995,3995
7.913104000000001,3993,3993
7.914105,3995,3995
7.9151050000000005,3993,3993
7.916105000000001,3989,3989
7.917106,3992,3992
7.918106000000001,3995,3995
7.919107,3991,3991
7.920107000000001,3994,3994
7.921108,3990,3990
7.922108000000001,3991,3991
7.923109,3994,3994
7.9241090000000005,3992,3992
7.925109000000001,3991,3991
7.92611,3993,3993
7.927110000000001,3994,3994
7.928111,3993,3993
7.929112000000001,3994,3994
7.930113,3994,3994
7.931113000000001,3993,3993
7.932114,3990,3990
7.933114000000001,3993,3993
7.934115,3991,3991
7.935115000000001,3992,3992
7.936117,3993,3993
7.937118,3990,3990
7.938118000000001,3991,3991
7.939118000000001,3995,3995
7.940118,3996,3996
7.941118000000001,3991,3991
7.942118000000001,3995,3995
7.943118,3992,3992
7.944119000000001,3992,3992
7.945119,3995,3995
7.9461200000000005,3992,3992
7.94712,3997,3997
7.948120000000001,3991,3991
7.949120000000001,3990,3990
7.95012,3992,3992
7.951120000000001,3996,3996
7.952120000000001,3990,3990
7.95312,3992,3992
7.95412,3989,3989
7.955121,3994,3994
7.956122000000001,3991,3991
7.957122,3992,3992
7.958122000000001,3991,3991
7.959122000000001,3992,3992
7.960122,3992,3992
7.961122,3994,3994
7.962123,3994,3994
7.963123000000001,3990,3990
7.964123000000001,3993,3993
7.965123,3993,3993
7.966124000000001,3995,3995
7.967124,3992,3992
7.968125000000001,3994,3994
7.969125,3992,3992
7.970125000000001,3995,3995
7.971125000000001,3995,3995
7.972125,3994,3994
7.973125,3994,3994
7.974125000000001,3989,3989
7.975125,3993,3993
7.976125,3992,3992
7.977126,3992,3992
7.978127000000001,3991,3991
7.979127,3991,3991
7.980127000000001,3993,3993
7.981127000000001,3994,3994
7.982127,3995,3995
7.983127,3993,3993
7.984127000000001,3993,3993
7.985127,3992,3992
7.986128000000001,3991,3991
7.987128,3992,3992
7.988129000000001,3993,3993
7.989129,3992,3992
7.990129,3993,3993
7.991129000000001,3995,3995
7.992129,3992,3992
7.993129,3992,3992
7.994129000000001,3993,3993
7.995129,3994,3994
7.996130000000001,3991,3991
7.99713,3992,3992
7.998131000000001,3993,3993
7.999131,3992,3992
8.000131,3994,3994
8.001131,3994,3994
8.002131,3990,3990
8.003132,3994,3994
8.004132,3993,3993
8.005132,3992,3992
8.006132000000001,3995,3995
8.007132,3992,3992
8.008133,3990,3990
8.009133,3993,3993
8.010133,3993,3993
8.011133000000001,3993,3993
8.012133,3994,3994
8.013133,3992,3992
8.014134,3990,3990
8.015134,3993,3993
8.016135,3991,3991
8.017136,3991,3991
8.018136,3990,3990
8.019136,3992,3992
8.020136,3996,3996
8.021137000000001,3990,3990
8.022137,3992,3992
8.023137,3995,3995
8.024137,3992,3992
8.025137,3991,3991
8.026137,3989,3989
8.027137,3993,3993
8.028137000000001,3994,3994
8.029138,3992,3992
8.030138,3992,3992
8.031138,3995,3995
8.032138,3992,3992
8.033139,3992,3992
8.03414,3994,3994
8.03514,3993,3993
8.036141,3992,3992
8.037141,3992,3992
8.038141,3994,3994
8.039142,3994,3994
8.040142000000001,3994,3994
8.041143,3993,3993
8.042143000000001,3993,3993
8.043143,3992,3992
8.044143,3992,3992
8.045143000000001,3992,3992
8.046143,3993,3993
8.047143,3994,3994
8.048144,3991,3991
8.049144,3989,3989
8.050145,3992,3992
8.051146000000001,3992,3992
8.052147,3992,3992
8.053147000000001,3992,3992
8.054147,3992,3992
8.055148,3993,3993
8.056148,3994,3994
8.057148,3993,3993
8.058148000000001,3994,3994
8.059152000000001,3990,3990
8.060152,3992,3992
8.061152,3991,3991
8.062152000000001,3993,3993
8.063152,3992,3992
8.064153000000001,3995,3995
8.065154,3991,3991
8.066154000000001,3992,3992
8.067155,3992,3992
8.068156,3993,3993
8.069156,3991,3991
8.070156,3993,3993
8.071156,3994,3994
8.072156,3995,3995
8.073157,3994,3994
8.074158,3992,3992
8.075159000000001,3993,3993
8.076159,3993,3993
8.077160000000001,3992,3992
8.07816,3992,3992
8.07916,3994,3994
8.080160000000001,3992,3992
8.08116,3993,3993
8.08216,3998,3998
8.083161,3992,3992
8.084162000000001,3993,3993
8.085162,3993,3993
8.086163,3991,3991
8.087163,3991,3991
8.088163,3992,3992
8.089163000000001,3994,3994
8.090163,3993,3993
8.091164000000001,3992,3992
8.092165,3993,3993
8.093165,3992,3992
8.094166000000001,3991,3991
8.095166,3993,3993
8.096166,3994,3994
8.097166,3994,3994
8.098166,3993,3993
8.099167,3992,3992
8.100168,3992,3992
8.101169,3995,3995
8.102169,3993,3993
8.103169000000001,3992,3992
8.104169,3991,3991
8.105169,3994,3994
8.106169000000001,3994,3994
8.107169,3990,3990
8.108169,3992,3992
8.109169,3995,3995
8.11017,3992,3992
8.111171,3995,3995
8.112171,3996,3996
8.113171000000001,3997,3997
8.114172,3992,3992
8.115173,3990,3990
8.116173,3991,3991
8.117173000000001,3994,3994
8.118173,3992,3992
8.119174000000001,3990,3990
8.120174,3995,3995
8.121174,3993,3993
8.122174000000001,3992,3992
8.123174,3992,3992
8.124174,3990,3990
8.125174000000001,3996,3996
8.126175,3993,3993
8.127176,3993,3993
8.128176,3994,3994
8.129176000000001,3994,3994
8.130176,3992,3992
8.131176,3994,3994
8.132176000000001,3992,3992
8.133176,3992,3992
8.134176,3992,3992
8.135176000000001,3991,3991
8.136176,3991,3991
8.137177000000001,3991,3991
8.138177,3989,3989
8.139178000000001,3991,3991
8.140178,3992,3992
8.141178,3993,3993
8.142178000000001,3991,3991
8.143178,3992,3992
8.144179000000001,3994,3994
8.14518,3993,3993
8.146180000000001,3993,3993
8.14718,3991,3991
8.14818,3993,3993
8.149180000000001,3995,3995
8.15018,3991,3991
8.15118,3993,3993
8.152186,3994,3994
8.153187,3992,3992
8.154187,3995,3995
8.155188,3992,3992
8.156189000000001,3994,3994
8.157189,3992,3992
8.158190000000001,3991,3991
8.159196,3991,3991
8.160196000000001,3990,3990
8.161196,3991,3991
8.162197,3992,3992
8.163198000000001,3991,3991
8.164198,3991,3991
8.165199000000001,3989,3989
8.1662,3993,3993
8.167200000000001,3993,3993
8.168201,3991,3991
8.169201000000001,3993,3993
8.170201,3994,3994
8.171201,3990,3990
8.172202,3995,3995
8.173203,3995,3995
8.174203,3991,3991
8.175203,3993,3993
8.176203000000001,3994,3994
8.177203,3991,3991
8.178204000000001,3992,3992
8.179204,3996,3996
8.180204,3993,3993
8.181205,3995,3995
8.182205,3994,3994
8.183205000000001,3992,3992
8.184205,3994,3994
8.185205,3990,3990
8.186205000000001,3989,3989
8.187206,3991,3991
8.188207,3994,3994
8.189207,3995,3995
8.190207000000001,3992,3992
8.191208,3992,3992
8.192209,3991,3991
8.193209000000001,3992,3992
8.194209,3992,3992
8.195209,3992,3992
8.196209,3992,3992
8.197209,3995,3995
8.198209,3992,3992
8.19921,3992,3992
8.200211000000001,3994,3994
8.201211,3990,3990
8.202211,3992,3992
8.203211,3994,3994
8.204212,3991,3991
8.205213,3993,3993
8.206214000000001,3995,3995
8.207215,3993,3993
8.208215000000001,3992,3992
8.209215,3993,3993
8.210216,3992,3992
8.211216,3993,3993
8.212216,3993,3993
8.213217,3991,3991
8.214217,3993,3993
8.21522,3993,3993
8.21622,3994,3994
8.217220000000001,3993,3993
8.218221,3992,3992
8.219222,3995,3995
8.220222,3994,3994
8.221222000000001,3992,3992
8.222223,3992,3992
8.223223,3991,3991
8.224223,3995,3995
8.225223,3993,3993
8.226223000000001,3994,3994
8.227224,3995,3995
8.228224,3995,3995
8.229224,3993,3993
8.230224,3992,3992
8.231224000000001,3995,3995
8.232225,3994,3994
8.233225000000001,3993,3993
8.234225,3991,3991
8.235225,3992,3992
8.236225000000001,3993,3993
8.237226,3992,3992
8.238226000000001,3992,3992
8.239226,3991,3991
8.240226,3992,3992
8.241226000000001,3992,3992
8.242226,3994,3994
8.243226,3993,3993
8.244226000000001,3992,3992
8.245226,3994,3994
8.246226,3991,3991
8.247226000000001,3989,3989
8.248226,3991,3991
8.249226,3990,3990
8.250227,3995,3995
8.251227,3992,3992
8.252227000000001,3993,3993
8.253227,3990,3990
8.254227,3992,3992
8.255227,3991,3991
8.256227,3993,3993
8.257227,3996,3996
8.258227,3989,3989
8.259227000000001,3991,3991
8.260227,3992,3992
8.261227,3992,3992
8.262227000000001,3994,3994
8.263227,3992,3992
8.264227,3991,3991
8.265227000000001,3993,3993
8.266228,3992,3992
8.267228000000001,3996,3996
8.268228,3993,3993
8.269228,3992,3992
8.270228000000001,3990,3990
8.271228,3992,3992
8.272228,3994,3994
8.273229,3994,3994
8.274230000000001,3993,3993
8.27523,3995,3995
8.27623,3995,3995
8.277230000000001,3993,3993
8.278231,3990,3990
8.279232,3991,3991
8.280232,3989,3989
8.281233,3995,3995
8.282234,3992,3992
8.283234,3995,3995
8.284234,3992,3992
8.285234,3992,3992
8.286235,3993,3993
8.287236,3992,3992
8.288236000000001,3995,3995
8.289236,3992,3992
8.290237000000001,3992,3992
8.291237,3995,3995
8.292237,3994,3994
8.293237000000001,3994,3994
8.294237,3993,3993
8.295237,3992,3992
8.296238,3991,3991
8.297238,3993,3993
8.298238,3993,3993
8.299239,3992,3992
8.300239000000001,3990,3990
8.301239,3992,3992
8.302239,3993,3993
8.303239,3993,3993
8.304239,3994,3994
8.305239,3997,3997
8.306239,3991,3991
8.30724,3993,3993
8.30824,3989,3989
8.30924,3994,3994
8.310241,3994,3994
8.311241,3992,3992
8.312241,3992,3992
8.313241,3990,3990
8.314241,3996,3996
8.315241,3991,3991
8.316241,3992,3992
8.317241000000001,3995,3995
8.318241,3993,3993
8.319241,3994,3994
8.320241000000001,3991,3991
8.321242,3992,3992
8.322242000000001,3995,3995
8.323242,3993,3993
8.324242,3991,3991
8.325243,3991,3991
8.326243,3992,3992
8.327243000000001,3990,3990
8.328244,3992,3992
8.329245,3992,3992
8.330246,3995,3995
8.331246,3992,3992
8.332247,3995,3995
8.333247,3994,3994
8.334248,3994,3994
8.335248,3994,3994
8.336248000000001,3992,3992
8.337248,3993,3993
8.338248,3992,3992
8.339248,3993,3993
8.340248,3990,3990
8.341249000000001,3992,3992
8.342249,3992,3992
8.343249,3990,3990
8.344249,3993,3993
8.34525,3995,3995
8.346250000000001,3992,3992
8.34725,3993,3993
8.348251000000001,3995,3995
8.349252,3991,3991
8.350252000000001,3989,3989
8.351253,3989,3989
8.352254,3994,3994
8.353255,3993,3993
8.354255,3994,3994
8.355255,3993,3993
8.356255,3989,3989
8.357255,3991,3991
8.358255,3994,3994
8.359255000000001,3994,3994
8.360255,3991,3991
8.361255,3993,3993
8.362255000000001,3996,3996
8.363255,3993,3993
8.364255,3988,3988
8.365255000000001,3992,3992
8.366255,3992,3992
8.367255,3994,3994
8.368256,3993,3993
8.369256,3994,3994
8.370256000000001,3995,3995
8.371256,3991,3991
8.372257000000001,3996,3996
8.373258,3992,3992
8.374258000000001,3991,3991
8.375258,3991,3991
8.376258,3993,3993
8.377258000000001,3992,3992
8.378258,3992,3992
8.379258,3993,3993
8.380259,3992,3992
8.381259,3990,3990
8.382259000000001,3993,3993
8.383259,3992,3992
8.384260000000001,3991,3991
8.385261,3990,3990
8.386262,3991,3991
8.387262,3992,3992
8.388262000000001,3993,3993
8.389263,3992,3992
8.390263000000001,3995,3995
8.391263,3994,3994
8.392263,3991,3991
8.393263000000001,3992,3992
8.394263,3995,3995
8.395263,3991,3991
8.396263000000001,3994,3994
8.397264,3992,3992
8.398264000000001,3993,3993
8.399264,3993,3993
8.400264,3991,3991
8.401264000000001,3992,3992
8.402264,3994,3994
8.403264,3992,3992
8.404264000000001,3990,3990
8.405264,3994,3994
8.406264,3994,3994
8.407265,3993,3993
8.408265,3991,3991
8.409265,3995,3995
8.410265,3992,3992
8.411265,3992,3992
8.412265,3992,3992
8.413265,3995,3995
8.414265,3995,3995
8.415265,3992,3992
8.416265000000001,3995,3995
8.417266,3992,3992
8.418266000000001,3993,3993
8.419267,3990,3990
8.420268,3992,3992
8.421268000000001,3992,3992
8.422268,3991,3991
8.423268,3994,3994
8.424268,3993,3993
8.425269,3993,3993
8.42627,3992,3992
8.42727,3993,3993
8.428271,3995,3995
8.429271,3995,3995
8.430272,3995,3995
8.431272,3991,3991
8.432273,3993,3993
8.433274,3989,3989
8.434274,3991,3991
8.435276,3992,3992
8.436276000000001,3991,3991
8.437276,3994,3994
8.438277000000001,3996,3996
8.439277,3990,3990
8.440277,3992,3992
8.441278,3993,3993
8.442278,3993,3993
8.443279,3992,3992
8.444280000000001,3992,3992
8.44528,3995,3995
8.44628,3992,3992
8.447281,3994,3994
8.448281,3993,3993
8.449281000000001,3991,3991
8.450281,3993,3993
8.451282,3990,3990
8.452283,3990,3990
8.453284,3993,3993
8.454284000000001,3993,3993
8.455285,3994,3994
8.456285000000001,3993,3993
8.457285,3989,3989
8.458285,3992,3992
8.459285000000001,3994,3994
8.460285,3991,3991
8.461286000000001,3992,3992
8.462286,3994,3994
8.463287000000001,3993,3993
8.464287,3992,3992
8.465287,3995,3995
8.466288,3994,3994
8.467289000000001,3995,3995
8.468289,3994,3994
8.46929,3992,3992
8.47029,3993,3993
8.47129,3995,3995
8.472290000000001,3995,3995
8.47329,3992,3992
8.47429,3994,3994
8.475290000000001,3991,3991
8.476291,3993,3993
8.477291000000001,3992,3992
8.478291,3994,3994
8.479291,3991,3991
8.480291000000001,3993,3993
8.481292,3993,3993
8.482292000000001,3995,3995
8.483292,3990,3990
8.484292,3992,3992
8.485292000000001,3993,3993
8.486293,3994,3994
8.487294,3995,3995
8.488295,3993,3993
8.489295,3996,3996
8.490296,3992,3992
8.491297000000001,3989,3989
8.492298,3994,3994
8.493298000000001,3993,3993
8.494298,3991,3991
8.495299000000001,3992,3992
8.4963,3992,3992
8.497300000000001,3992,3992
8.4983,3989,3989
8.4993,3992,3992
8.500300000000001,3993,3993
8.501301,3995,3995
8.502302,3991,3991
8.503302,3992,3992
8.504302000000001,3993,3993
8.505303,3991,3991
8.506303,3995,3995
8.507303,3994,3994
8.508303,3993,3993
8.509303000000001,3993,3993
8.510304,3993,3993
8.511304,3994,3994
8.512305,3991,3991
8.513305,3994,3994
8.514306000000001,3988,3988
8.515307,3992,3992
8.516307000000001,3991,3991
8.517308,3995,3995
8.518308000000001,3995,3995
8.519308,3993,3993
8.520309000000001,3993,3993
8.521309,3991,3991
8.522310000000001,3992,3992
8.52331,3995,3995
8.52431,3992,3992
8.525310000000001,3993,3993
8.526311,3996,3996
8.527311000000001,3991,3991
8.528311,3992,3992
8.529311,3992,3992
8.530311000000001,3993,3993
8.531312,3990,3990
8.532313,3990,3990
8.533313,3991,3991
8.534313000000001,3994,3994
8.535313,3995,3995
8.536314,3995,3995
8.537314,3992,3992
8.538314,3995,3995
8.539314000000001,3993,3993
8.540315,3994,3994
8.541315,3994,3994
8.542315,3993,3993
8.543315,3992,3992
8.544315000000001,3993,3993
8.545315,3996,3996
8.546315,3992,3992
8.547315000000001,3992,3992
8.548315,3994,3994
8.549316000000001,3995,3995
8.550317,3989,3989
8.551317000000001,3989,3989
8.552317,3994,3994
8.553317,3991,3991
8.554317000000001,3992,3992
8.555318,3992,3992
8.556318000000001,3989,3989
8.557319,3992,3992
8.55832,3991,3991
8.55932,3990,3990
8.560321,3990,3990
8.561321000000001,3992,3992
8.562322,3993,3993
8.563323,3995,3995
8.564324000000001,3994,3994
8.565324,3993,3993
8.566324,3994,3994
8.567324000000001,3994,3994
8.568325,3993,3993
8.569325000000001,3992,3992
8.570325,3992,3992
8.571325,3990,3990
8.572325000000001,3991,3991
8.573325,3994,3994
8.574326000000001,3992,3992
8.575326,3992,3992
8.576327000000001,3993,3993
8.577328,3990,3990
8.578329,3992,3992
8.579329,3993,3993
8.580329,3993,3993
8.581329,3992,3992
8.582329,3992,3992
8.583329,3993,3993
8.584329,3991,3991
8.58533,3994,3994
8.586331000000001,3993,3993
8.587332,3995,3995
8.588333,3993,3993
8.589334000000001,3992,3992
8.590335,3991,3991
8.591335,3993,3993
8.592336000000001,3989,3989
8.593336,3992,3992
8.594336,3994,3994
8.595337,3991,3991
8.596337,3990,3990
8.597337,3992,3992
8.598337,3991,3991
8.599337,3994,3994
8.600338,3990,3990
8.601339000000001,3993,3993
8.602339,3994,3994
8.603340000000001,3992,3992
8.60434,3995,3995
8.605341000000001,3992,3992
8.606342,3993,3993
8.607342000000001,3991,3991
8.608342,3992,3992
8.609342,3990,3990
8.610342000000001,3991,3991
8.611342,3992,3992
8.612342,3992,3992
8.613342000000001,3994,3994
8.614342,3993,3993
8.615343000000001,3995,3995
8.616343,3992,3992
8.617343,3993,3993
8.618343000000001,3991,3991
8.619344,3992,3992
8.620345,3992,3992
8.621346,3993,3993
8.622346,3993,3993
8.623346,3994,3994
8.624346000000001,3992,3992
8.625346,3992,3992
8.626346,3992,3992
8.627346000000001,3995,3995
8.628346,3991,3991
8.629346,3991,3991
8.630346000000001,3993,3993
8.631346,3994,3994
8.632346,3994,3994
8.633346000000001,3994,3994
8.634347,3993,3993
8.635347000000001,3993,3993
8.636347,3991,3991
8.637348000000001,3992,3992
8.638348,3992,3992
8.639348,3995,3995
8.640349,3995,3995
8.641349,3992,3992
8.642349000000001,3995,3995
8.643349,3993,3993
8.644350000000001,3993,3993
8.645351,3994,3994
8.646351000000001,3993,3993
8.647351,3989,3989
8.648352000000001,3994,3994
8.649352,3993,3993
8.650352,3995,3995
8.651352000000001,3992,3992
8.652352,3990,3990
8.653352,3993,3993
8.654352000000001,3995,3995
8.655353,3991,3991
8.656354,3993,3993
8.657354,3992,3992
8.658354000000001,3992,3992
8.659354,3991,3991
8.660354,3994,3994
8.661354000000001,3993,3993
8.662354,3991,3991
8.663362000000001,3992,3992
8.664363,3991,3991
8.665364,3993,3993
8.666364,3998,3998
8.667364000000001,3995,3995
8.668364,3992,3992
8.669365,3992,3992
8.670365,3991,3991
8.671365,3992,3992
8.672365000000001,3993,3993
8.673365,3994,3994
8.674365,3995,3995
8.675365000000001,3994,3994
8.676365,3997,3997
8.677365,3992,3992
8.678366,3989,3989
8.679367000000001,3993,3993
8.680369,3996,3996
8.681370000000001,3989,3989
8.68237,3989,3989
8.683371000000001,3993,3993
8.684371,3993,3993
8.685372000000001,3992,3992
8.686373,3993,3993
8.687374,3991,3991
8.688374,3992,3992
8.689374,3990,3990
8.690375000000001,3992,3992
8.691375,3992,3992
8.692376000000001,3991,3991
8.693376,3993,3993
8.694376,3993,3993
8.695376,3995,3995
8.696377,3991,3991
8.697377000000001,3992,3992
8.698377,3992,3992
8.699377,3991,3991
8.700377,3995,3995
8.701378,3990,3990
8.702378000000001,3989,3989
8.703378,3992,3992
8.704378,3993,3993
8.705378,3992,3992
8.706379,3994,3994
8.707379,3994,3994
8.70838,3996,3996
8.709381,3992,3992
8.710381,3995,3995
8.711382,3994,3994
8.712382,3992,3992
8.713382000000001,3993,3993
8.714382,3992,3992
8.715382,3992,3992
8.716382000000001,3990,3990
8.717382,3995,3995
8.718382,3988,3988
8.719382000000001,3994,3994
8.720382,3993,3993
8.721382,3994,3994
8.722382,3992,3992
8.723382,3993,3993
8.724382,3994,3994
8.725382,3991,3991
8.726382000000001,3993,3993
8.727382,3989,3989
8.728383000000001,3991,3991
8.729383,3993,3993
8.730383,3992,3992
8.731384,3991,3991
8.732384,3995,3995
8.733384000000001,3996,3996
8.734384,3992,3992
8.735385,3989,3989
8.736385,3991,3991
8.737386,3993,3993
8.738386,3992,3992
8.739387,3991,3991
8.740387,3992,3992
8.741388,3993,3993
8.742388,3993,3993
8.743388000000001,3995,3995
8.744389,3992,3992
8.745389000000001,3991,3991
8.746389,3995,3995
8.747390000000001,3993,3993
8.74839,3992,3992
8.74939,3991,3991
8.750390000000001,3996,3996
8.751391,3991,3991
8.752391000000001,3991,3991
8.753391,3994,3994
8.754391,3995,3995
8.755391000000001,3995,3995
8.756391,3991,3991
8.757392000000001,3990,3990
8.758393,3992,3992
8.759393000000001,3995,3995
8.760394,3992,3992
8.761394000000001,3993,3993
8.762394,3993,3993
8.763394,3993,3993
8.764395,3995,3995
8.765395,3995,3995
8.766395000000001,3994,3994
8.767396,3993,3993
8.768396000000001,3993,3993
8.769396,3992,3992
8.770397,3994,3994
8.771397,3994,3994
8.772397,3994,3994
8.773398,3991,3991
8.774398,3996,3996
8.775398000000001,3990,3990
8.776398,3994,3994
8.777399,3994,3994
8.778399,3992,3992
8.779399,3992,3992
8.780399000000001,3993,3993
8.781399,3993,3993
8.782399,3992,3992
8.7834,3991,3991
8.7844,3991,3991
8.785400000000001,3995,3995
8.7864,3996,3996
8.787401000000001,3990,3990
8.788401,3992,3992
8.789402,3993,3993
8.790402,3994,3994
8.791402,3993,3993
8.792402000000001,3993,3993
8.793402,3993,3993
8.794402,3994,3994
8.795402000000001,3991,3991
8.796403,3991,3991
8.797403000000001,3991,3991
8.798404,3991,3991
8.799404000000001,3995,3995
8.800405,3990,3990
8.801405,3995,3995
8.802405,3993,3993
8.803406,3993,3993
8.804407000000001,3992,3992
8.805408,3994,3994
8.806408000000001,3991,3991
8.807408,3991,3991
8.808408,3992,3992
8.809408000000001,3991,3991
8.810409,3998,3998
8.811409000000001,3991,3991
8.812409,3995,3995
8.813409,3991,3991
8.814409000000001,3991,3991
8.815409,3995,3995
8.816409,3991,3991
8.817409,3991,3991
8.818409,3990,3990
8.819410000000001,3995,3995
8.82041,3995,3995
8.82141,3992,3992
8.82241,3993,3993
8.82341,3992,3992
8.82441,3991,3991
8.825411,3993,3993
8.826412000000001,3995,3995
8.827412,3991,3991
8.828412,3992,3992
8.829412,3990,3990
8.830412,3994,3994
8.831412,3993,3993
8.832412,3994,3994
8.833412000000001,3995,3995
8.834413,3992,3992
8.835413,3992,3992
8.836413,3991,3991
8.837414,3990,3990
8.838414,3994,3994
8.839414,3992,3992
8.840414,3992,3992
8.841414,3993,3993
8.842415,3991,3991
8.843416000000001,3993,3993
8.844416,3993,3993
8.845416,3992,3992
8.846417,3992,3992
8.847417,3991,3991
8.848417000000001,3992,3992
8.849417,3995,3995
8.850417,3992,3992
8.851418,3990,3990
8.852418,3994,3994
8.853418,3993,3993
8.854419,3992,3992
8.855419000000001,3992,3992
8.856419,3993,3993
8.857420000000001,3993,3993
8.858421,3996,3996
8.859421000000001,3993,3993
8.860421,3991,3991
8.861421,3992,3992
8.862421000000001,3991,3991
8.863421,3995,3995
8.864421,3993,3993
8.865422,3992,3992
8.866423000000001,3991,3991
8.867423,3992,3992
8.868424000000001,3991,3991
8.869424,3990,3990
8.870424,3994,3994
8.871425,3995,3995
8.872425,3995,3995
8.873425000000001,3992,3992
8.874426,3991,3991
8.875426000000001,3992,3992
8.876427,3993,3993
8.877427,3995,3995
8.878428,3992,3992
8.879429,3997,3997
8.880429000000001,3993,3993
8.88143,3992,3992
8.882431,3991,3991
8.883432,3994,3994
8.884432,3993,3993
8.885433,3993,3993
8.886434000000001,3994,3994
8.887434,3989,3989
8.888434,3992,3992
8.889434,3991,3991
8.890434,3991,3991
8.891434,3992,3992
8.892434,3992,3992
8.893434000000001,3993,3993
8.894434,3996,3996
8.895434,3992,3992
8.896434000000001,3992,3992
8.897434,3991,3991
8.898434,3990,3990
8.899434000000001,3994,3994
8.900434,3989,3989
8.901434,3997,3997
8.902434000000001,3995,3995
8.903434,3992,3992
8.904434,3992,3992
8.905435,3993,3993
8.906435,3993,3993
8.907436,3993,3993
8.908437000000001,3993,3993
8.909437,3994,3994
8.910437,3995,3995
8.911438,3995,3995
8.912439000000001,3995,3995
8.913439,3995,3995
8.914439,3991,3991
8.915439000000001,3992,3992
8.91644,3996,3996
8.917440000000001,3992,3992
8.91844,3995,3995
8.91944,3994,3994
8.920441,3992,3992
8.921441,3990,3990
8.922441000000001,3993,3993
8.923442,3993,3993
8.924442,3994,3994
8.925442,3995,3995
8.926443,3992,3992
8.927444000000001,3991,3991
8.928444,3994,3994
8.929444,3989,3989
8.930444,3995,3995
8.931444,3992,3992
8.932444,3994,3994
8.933444,3992,3992
8.934444000000001,3993,3993
8.935444,3998,3998
8.936444,3993,3993
8.937444000000001,3995,3995
8.938445,3992,3992
8.939446,3993,3993
8.940447,3994,3994
8.941447,3992,3992
8.942447,3991,3991
8.943448,3992,3992
8.944448000000001,3990,3990
8.945448,3993,3993
8.946449000000001,3997,3997
8.947449,3993,3993
8.948449,3992,3992
8.949449,3994,3994
8.95045,3994,3994
8.951451,3994,3994
8.952451,3995,3995
8.953452,3993,3993
8.954452,3990,3990
8.955452000000001,3993,3993
8.956453,3992,3992
8.957454,3994,3994
8.958454,3992,3992
8.959454000000001,3992,3992
8.960455,3995,3995
8.961456,3992,3992
8.962456000000001,3990,3990
8.963456,3994,3994
8.964456,3993,3993
8.965457,3992,3992
8.966457,3993,3993
8.967458,3992,3992
8.968458,3990,3990
8.969458000000001,3992,3992
8.970459,3992,3992
8.971459000000001,3993,3993
8.972459,3994,3994
8.973459,3990,3990
8.974459000000001,3995,3995
8.975459,3993,3993
8.976460000000001,3993,3993
8.97746,3994,3994
8.978461000000001,3993,3993
8.979461,3991,3991
8.980461,3993,3993
8.981461000000001,3991,3991
8.982462,3991,3991
8.983462000000001,3992,3992
8.984463,3993,3993
8.985464,3994,3994
8.986465,3991,3991
8.987465,3990,3990
8.988465,3992,3992
8.989465000000001,3992,3992
8.990465,3991,3991
8.991465,3992,3992
8.992465000000001,3993,3993
8.993465,3994,3994
8.994465,3992,3992
8.995465000000001,3991,3991
8.996465,3992,3992
8.997466000000001,3995,3995
8.998467,3993,3993
8.999467000000001,3995,3995
9.000467,3993,3993
9.001468000000001,3991,3991
9.002469,3989,3989
9.00347,3995,3995
9.004470000000001,3993,3993
9.005471,3990,3990
9.006472,3992,3992
9.007472,3996,3996
9.008472000000001,3992,3992
9.009473,3993,3993
9.010473000000001,3992,3992
9.011474,3993,3993
9.012474000000001,3994,3994
9.013474,3990,3990
9.014474,3991,3991
9.015474000000001,3995,3995
9.016475,3993,3993
9.017476,3993,3993
9.018476,3993,3993
9.019477,3994,3994
9.020477,3992,3992
9.021477,3988,3988
9.022477,3993,3993
9.023478,3991,3991
9.024478,3989,3989
9.025478,3990,3990
9.026479,3993,3993
9.02748,3994,3994
9.02848,3993,3993
9.029480000000001,3992,3992
9.030481,3993,3993
9.031481000000001,3993,3993
9.032482,3992,3992
9.033482000000001,3992,3992
9.034482,3993,3993
9.035482,3990,3990
9.036483,3993,3993
9.037483,3995,3995
9.038484,3995,3995
9.039485,3995,3995
9.040486,3992,3992
9.041486,3993,3993
9.042486,3993,3993
9.043486,3993,3993
9.044486000000001,3991,3991
9.045486,3994,3994
9.046487,3991,3991
9.047487,3995,3995
9.048487,3995,3995
9.049488,3990,3990
9.050488,3991,3991
9.051488,3997,3997
9.052489,3995,3995
9.053489,3993,3993
9.054490000000001,3992,3992
9.05549,3995,3995
9.05649,3994,3994
9.05749,3991,3991
9.05849,3986,3986
9.05949,3994,3994
9.06049,3992,3992
9.061490000000001,3992,3992
9.06249,3993,3993
9.06349,3992,3992
9.064490000000001,3991,3991
9.06549,3992,3992
9.066491000000001,3995,3995
9.067492,3996,3996
9.068492,3991,3991
9.069493,3995,3995
9.070493,3995,3995
9.071494000000001,3993,3993
9.072494,3996,3996
9.073494,3989,3989
9.074494,3993,3993
9.075494,3992,3992
9.076495,3990,3990
9.077496,3993,3993
9.078496000000001,3995,3995
9.079496,3996,3996
9.080496,3994,3994
9.081496,3990,3990
9.082497,3993,3993
9.083497000000001,3993,3993
9.084497,3992,3992
9.085497,3992,3992
9.086498,3995,3995
9.087498,3990,3990
9.088498000000001,3993,3993
9.089499,3991,3991
9.090499000000001,3990,3990
9.091499,3994,3994
9.092500000000001,3992,3992
9.0935,3992,3992
9.0945,3994,3994
9.095501,3994,3994
9.096502000000001,3991,3991
9.097502,3994,3994
9.098502,3989,3989
9.099502000000001,3993,3993
9.100503,3991,3991
9.101503000000001,3992,3992
9.102503,3991,3991
9.103504000000001,3990,3990
9.104504,3989,3989
9.105505,3991,3991
9.106506,3992,3992
9.107506,3995,3995
9.108506,3992,3992
9.109506,3992,3992
9.110506,3990,3990
9.111507,3992,3992
9.112507,3998,3998
9.113508000000001,3993,3993
9.114508,3991,3991
9.115508,3988,3988
9.116508,3993,3993
9.117508,3994,3994
9.118508,3993,3993
9.119508,3996,3996
9.120508000000001,3992,3992
9.121508,3994,3994
9.122508,3992,3992
9.123508000000001,3994,3994
9.124508,3994,3994
9.125508,3992,3992
9.126509,3993,3993
9.127510000000001,3990,3990
9.12851,3994,3994
9.12951,3993,3993
9.130510000000001,3997,3997
9.131511,3996,3996
9.132511000000001,3991,3991
9.133511,3995,3995
9.134511,3995,3995
9.135512,3994,3994
9.136512,3993,3993
9.137512000000001,3991,3991
9.138513,3995,3995
9.139513,3995,3995
9.140513,3993,3993
9.141513,3992,3992
9.142514,3991,3991
9.143515,3991,3991
9.144516000000001,3992,3992
9.145516,3992,3992
9.146516,3992,3992
9.147517,3991,3991
9.148518000000001,3995,3995
9.149518,3990,3990
9.150518,3992,3992
9.151519,3993,3993
9.152519,3995,3995
9.153519000000001,3993,3993
9.154519,3992,3992
9.155519,3994,3994
9.156519000000001,3992,3992
9.15752,3996,3996
9.158521,3995,3995
9.159521,3993,3993
9.160521000000001,3992,3992
9.161521,3992,3992
9.162521,3995,3995
9.163522,3996,3996
9.164523,3992,3992
9.165524,3995,3995
9.166525,3996,3996
9.167526,3989,3989
9.168527000000001,3991,3991
9.169527,3992,3992
9.170527,3992,3992
9.171527000000001,3992,3992
9.172527,3994,3994
9.173527,3995,3995
9.174528,3993,3993
9.175528,3993,3993
9.176528000000001,3994,3994
9.177528,3992,3992
9.178529000000001,3993,3993
9.17953,3995,3995
9.180530000000001,3993,3993
9.18153,3992,3992
9.18253,3990,3990
9.183530000000001,3993,3993
9.18453,3991,3991
9.18553,3993,3993
9.186530000000001,3989,3989
9.18753,3994,3994
9.18853,3991,3991
9.189531,3994,3994
9.190531,3995,3995
9.191531000000001,3993,3993
9.192532,3995,3995
9.193532000000001,3994,3994
9.194532,3991,3991
9.195532,3996,3996
9.196532000000001,3991,3991
9.197532,3992,3992
9.198532,3992,3992
9.199532,3994,3994
9.200532,3992,3992
9.201533000000001,3993,3993
9.202533,3995,3995
9.203533,3993,3993
9.204533,3993,3993
9.205533,3997,3997
9.206533,3992,3992
9.207533,3992,3992
9.208533000000001,3994,3994
9.209534,3994,3994
9.210535,3994,3994
9.211535,3988,3988
9.212535,3990,3990
9.213536000000001,3992,3992
9.214537,3992,3992
9.215537000000001,3992,3992
9.216537,3992,3992
9.217537,3996,3996
9.218537,3995,3995
9.219537,3992,3992
9.220537,3993,3993
9.221537,3994,3994
9.222537,3993,3993
9.223537,3993,3993
9.224537,3995,3995
9.225537000000001,3991,3991
9.226538,3991,3991
9.227538000000001,3993,3993
9.228539,3993,3993
9.229539,3992,3992
9.230539,3992,3992
9.23154,3992,3992
9.23254,3993,3993
9.23354,3996,3996
9.234541,3992,3992
9.235542,3994,3994
9.236543000000001,3991,3991
9.237543,3991,3991
9.238543,3992,3992
9.239543000000001,3992,3992
9.240543,3990,3990
9.241543,3989,3989
9.242543000000001,3992,3992
9.243544,3992,3992
9.244544000000001,3991,3991
9.245544,3993,3993
9.246544,3992,3992
9.247545,3992,3992
9.248545,3993,3993
9.249545000000001,3992,3992
9.250546,3994,3994
9.251546000000001,3993,3993
9.252546,3993,3993
9.253546,3991,3991
9.254546000000001,3995,3995
9.255546,3996,3996
9.256547000000001,3994,3994
9.257548,3995,3995
9.258548000000001,3992,3992
9.259548,3994,3994
9.260548,3992,3992
9.261549,3993,3993
9.262549,3993,3993
9.263549000000001,3993,3993
9.264549,3996,3996
9.265550000000001,3991,3991
9.26655,3992,3992
9.267551000000001,3993,3993
9.268551,3991,3991
9.269551,3993,3993
9.270551000000001,3992,3992
9.271552,3995,3995
9.272552000000001,3989,3989
9.273552,3990,3990
9.274552,3992,3992
9.275553,3993,3993
9.276553,3993,3993
9.277553000000001,3993,3993
9.278553,3992,3992
9.279554000000001,3993,3993
9.280554,3992,3992
9.281555,3992,3992
9.282555,3995,3995
9.283555,3993,3993
9.284555000000001,3993,3993
9.285556,3991,3991
9.286556000000001,3991,3991
9.287556,3995,3995
9.288556,3994,3994
9.289557,3996,3996
9.290557,3994,3994
9.291557000000001,3994,3994
9.292558,3993,3993
9.293558,3997,3997
9.294558,3994,3994
9.295558,3993,3993
9.296558000000001,3992,3992
9.297558,3991,3991
9.298558,3995,3995
9.299559,3994,3994
9.300559,3991,3991
9.301559000000001,3991,3991
9.30256,3991,3991
9.303561,3994,3994
9.304561,3993,3993
9.305561,3994,3994
9.306562,3994,3994
9.307562,3992,3992
9.308562,3992,3992
9.309562,3992,3992
9.310563,3992,3992
9.311563,3992,3992
9.312564,3991,3991
9.313565,3992,3992
9.314565,3992,3992
9.315566,3995,3995
9.316566,3995,3995
9.317567,3992,3992
9.318567,3991,3991
9.319567000000001,3990,3990
9.320567,3995,3995
9.321568000000001,3993,3993
9.322568,3995,3995
9.323568,3992,3992
9.324568000000001,3992,3992
9.325569,3992,3992
9.32657,3992,3992
9.32757,3993,3993
9.328571,3991,3991
9.329572,3998,3998
9.330573000000001,3993,3993
9.331574,3992,3992
9.332575,3992,3992
9.333575,3990,3990
9.334575000000001,3996,3996
9.335575,3992,3992
9.336575,3991,3991
9.337575000000001,3991,3991
9.338576,3992,3992
9.339576000000001,3992,3992
9.340576,3994,3994
9.341577000000001,3991,3991
9.342578,3992,3992
9.343578,3992,3992
9.344579000000001,3992,3992
9.345579,3994,3994
9.346580000000001,3992,3992
9.34758,3991,3991
9.348581000000001,3992,3992
9.349582,3992,3992
9.350582000000001,3995,3995
9.351582,3994,3994
9.352583000000001,3993,3993
9.353583,3991,3991
9.354583,3989,3989
9.355583000000001,3994,3994
9.356583,3994,3994
9.357583,3993,3993
9.358583000000001,3993,3993
9.359584,3996,3996
9.360585,3992,3992
9.361585,3993,3993
9.362585000000001,3993,3993
9.363586,3993,3993
9.364587,3992,3992
9.365588,3992,3992
9.366589000000001,3993,3993
9.367589,3994,3994
9.368590000000001,3990,3990
9.36959,3994,3994
9.37059,3994,3994
9.371591,3992,3992
9.372592000000001,3990,3990
9.373593,3991,3991
9.374593,3993,3993
9.375593,3994,3994
9.376594,3994,3994
9.377595000000001,3993,3993
9.378595,3992,3992
9.379595,3994,3994
9.380595,3998,3998
9.381595,3995,3995
9.382595,3992,3992
9.383595,3992,3992
9.384596,3992,3992
9.385596,3991,3991
9.386596,3994,3994
9.387596,3997,3997
9.388596,3992,3992
9.389596000000001,3995,3995
9.390596,3992,3992
9.391596,3993,3993
9.392596000000001,3992,3992
9.393597,3992,3992
9.394597000000001,3992,3992
9.395597,3993,3993
9.396598000000001,3990,3990
9.397598,3991,3991
9.398599,3993,3993
9.399599,3992,3992
9.400599,3992,3992
9.401599000000001,3992,3992
9.402599,3996,3996
9.4036,3993,3993
9.4046,3993,3993
9.4056,3993,3993
9.406600000000001,3994,3994
9.407601,3993,3993
9.408601,3993,3993
9.409602,3992,3992
9.410603,3993,3993
9.411604,3991,3991
9.412604,3993,3993
9.413604000000001,3990,3990
9.414604,3993,3993
9.415605000000001,3992,3992
9.416605,3992,3992
9.417605,3992,3992
9.418605000000001,3994,3994
9.419605,3993,3993
9.420606000000001,3994,3994
9.421606,3995,3995
9.422606,3993,3993
9.423607,3994,3994
9.424608000000001,3993,3993
9.425609,3989,3989
9.426609000000001,3992,3992
9.427609,3991,3991
9.428609,3990,3990
9.429609000000001,3993,3993
9.430609,3992,3992
9.431609,3996,3996
9.432609000000001,3995,3995
9.433609,3994,3994
9.434609,3995,3995
9.435609000000001,3989,3989
9.436609,3990,3990
9.437609,3992,3992
9.438609,3993,3993
9.43961,3993,3993
9.440610000000001,3992,3992
9.44161,3997,3997
9.44261,3994,3994
9.44361,3990,3990
9.44461,3991,3991
9.445611000000001,3990,3990
9.446611,3993,3993
9.447612000000001,3995,3995
9.448613,3993,3993
9.449614,3994,3994
9.450614,3994,3994
9.451615,3995,3995
9.452616,3991,3991
9.453616,3995,3995
9.454617,3992,3992
9.455617,3995,3995
9.456617,3993,3993
9.457617,3993,3993
9.458617,3991,3991
9.459618,3994,3994
9.460618,3992,3992
9.461618,3990,3990
9.462618,3993,3993
9.463618,3992,3992
9.464618,3994,3994
9.465618000000001,3995,3995
9.466618,3991,3991
9.467619000000001,3989,3989
9.46862,3992,3992
9.46962,3993,3993
9.47062,3993,3993
9.47162,3992,3992
9.472621,3992,3992
9.473621,3991,3991
9.474621,3993,3993
9.475621,3995,3995
9.476621,3993,3993
9.477622,3992,3992
9.478623,3994,3994
9.479623,3992,3992
9.480623,3995,3995
9.481624,3991,3991
9.482624000000001,3994,3994
9.483624,3991,3991
9.484624,3994,3994
9.485624,3992,3992
9.486625,3991,3991
9.487625000000001,3992,3992
9.488626,3995,3995
9.489626000000001,3989,3989
9.490626,3994,3994
9.491626,3988,3988
9.492626,3995,3995
9.493626,3991,3991
9.494626,3992,3992
9.495627,3989,3989
9.496628000000001,3995,3995
9.497628,3992,3992
9.498629000000001,3992,3992
9.499629,3994,3994
9.500629,3988,3988
9.501629000000001,3991,3991
9.50263,3994,3994
9.503630000000001,3994,3994
9.50463,3996,3996
9.50563,3993,3993
9.506630000000001,3990,3990
9.50763,3993,3993
9.50863,3993,3993
9.50963,3991,3991
9.510631,3994,3994
9.511631000000001,3989,3989
9.512631,3991,3991
9.513632000000001,3992,3992
9.514633,3992,3992
9.515633000000001,3993,3993
9.516634,3993,3993
9.517635,3994,3994
9.518635,3992,3992
9.519636,3994,3994
9.520637,3994,3994
9.521637,3995,3995
9.522637,3993,3993
9.523637,3997,3997
9.524637,3993,3993
9.525637,3992,3992
9.526637000000001,3992,3992
9.527637,3994,3994
9.528638,3995,3995
9.529638,3993,3993
9.530638,3994,3994
9.531638000000001,3992,3992
9.532639,3990,3990
9.533639,3994,3994
9.53464,3989,3989
9.53564,3993,3993
9.53664,3991,3991
9.537641,3991,3991
9.538641,3990,3990
9.539642,3993,3993
9.540643000000001,3993,3993
9.541644,3994,3994
9.542644000000001,3996,3996
9.543644,3994,3994
9.544644,3994,3994
9.545644000000001,3995,3995
9.546645,3993,3993
9.547646,3993,3993
9.548646,3991,3991
9.549646000000001,3992,3992
9.550647,3995,3995
9.551647,3993,3993
9.552648,3995,3995
9.553649,3994,3994
9.55465,3994,3994
9.55565,3994,3994
9.556651,3988,3988
9.557651,3993,3993
9.558651000000001,3993,3993
9.559651,3992,3992
9.560651,3990,3990
9.561651000000001,3991,3991
9.562652,3992,3992
9.563653,3991,3991
9.564654,3993,3993
9.565654,3990,3990
9.566654,3994,3994
9.567654000000001,3991,3991
9.568654,3994,3994
9.569655000000001,3995,3995
9.570655,3993,3993
9.571655,3997,3997
9.572656,3991,3991
9.573656,3995,3995
9.574657,3992,3992
9.575657,3992,3992
9.576657,3993,3993
9.577657,3992,3992
9.578658,3995,3995
9.579658,3992,3992
9.580659,3991,3991
9.581660000000001,3992,3992
9.582661,3995,3995
9.583661000000001,3995,3995
9.584662,3992,3992
9.585663,3995,3995
9.586663,3990,3990
9.587663000000001,3992,3992
9.588663,3993,3993
9.589663,3991,3991
9.590663000000001,3993,3993
9.591663,3995,3995
9.592663,3995,3995
9.593663000000001,3992,3992
9.594664,3993,3993
9.595664000000001,3991,3991
9.596665,3992,3992
9.597665000000001,3994,3994
9.598665,3994,3994
9.599666000000001,3992,3992
9.600666,3995,3995
9.601666,3990,3990
9.602666000000001,3992,3992
9.603666,3993,3993
9.604667000000001,3994,3994
9.605668,3993,3993
9.606668,3992,3992
9.607668,3993,3993
9.608668,3993,3993
9.609668000000001,3992,3992
9.610669,3994,3994
9.61167,3994,3994
9.61267,3993,3993
9.61367,3992,3992
9.614671000000001,3993,3993
9.615672,3995,3995
9.616672000000001,3993,3993
9.617673,3994,3994
9.618673000000001,3993,3993
9.619673,3996,3996
9.620673,3995,3995
9.621673000000001,3992,3992
9.622673,3993,3993
9.623673,3991,3991
9.624674,3991,3991
9.625674,3995,3995
9.626675,3995,3995
9.627675,3994,3994
9.628676,3996,3996
9.629677000000001,3992,3992
9.630677,3995,3995
9.631677,3992,3992
9.632677000000001,3991,3991
9.633678,3994,3994
9.634679,3991,3991
9.63568,3988,3988
9.636681000000001,3993,3993
9.637682,3990,3990
9.638683,3990,3990
9.639684,3992,3992
9.640684,3993,3993
9.641685,3992,3992
9.642685,3990,3990
9.643685,3992,3992
9.644685,3992,3992
9.645686,3996,3996
9.646686,3993,3993
9.647686,3990,3990
9.648687,3991,3991
9.649688000000001,3992,3992
9.650688,3995,3995
9.651688,3990,3990
9.652688000000001,3992,3992
9.653688,3989,3989
9.654688,3995,3995
9.655689,3990,3990
9.656689,3994,3994
9.657689000000001,3992,3992
9.658689,3995,3995
9.659689,3993,3993
9.660689,3992,3992
9.661689,3992,3992
9.662689,3994,3994
9.66369,3991,3991
9.66469,3994,3994
9.66569,3990,3990
9.666690000000001,3992,3992
9.66769,3993,3993
9.668691,3991,3991
9.669691,3992,3992
9.670692,3990,3990
9.671692,3994,3994
9.672692,3991,3991
9.673692,3994,3994
9.674692,3990,3990
9.675693,3993,3993
9.676693,3995,3995
9.677693,3990,3990
9.678693,3993,3993
9.679694,3991,3991
9.680694,3992,3992
9.681694,3992,3992
9.682694,3993,3993
9.683694000000001,3993,3993
9.684694,3992,3992
9.685694,3996,3996
9.686695,3994,3994
9.687696,3992,3992
9.688697000000001,3992,3992
9.689697,3992,3992
9.690697,3993,3993
9.691697,3992,3992
9.692697,3992,3992
9.693697,3993,3993
9.694698,3994,3994
9.695698,3991,3991
9.696698,3991,3991
9.697698,3993,3993
9.698698,3995,3995
9.699698,3992,3992
9.700699,3993,3993
9.7017,3993,3993
9.7027,3992,3992
9.703701,3993,3993
9.704701,3991,3991
9.705701000000001,3993,3993
9.706701,3992,3992
9.707702000000001,3991,3991
9.708703,3992,3992
9.709703000000001,3992,3992
9.710703,3992,3992
9.711703,3995,3995
9.712704,3993,3993
9.713704,3993,3993
9.714705,3992,3992
9.715705,3992,3992
9.716706,3995,3995
9.717706,3997,3997
9.718706000000001,3992,3992
9.719706,3992,3992
9.720706,3993,3993
9.721706000000001,3991,3991
9.722707,3992,3992
9.723707000000001,3993,3993
9.724707,3996,3996
9.725708000000001,3995,3995
9.726709,3993,3993
9.727709,3990,3990
9.728710000000001,3995,3995
9.729711,3990,3990
9.730711000000001,3993,3993
9.731711,3995,3995
9.732711,3993,3993
9.733712,3992,3992
9.734713000000001,3992,3992
9.735714,3992,3992
9.736714000000001,3993,3993
9.737715,3992,3992
9.738715000000001,3992,3992
9.739716,3991,3991
9.740717,3992,3992
9.741717000000001,3990,3990
9.742718,3995,3995
9.743718000000001,3990,3990
9.744718,3995,3995
9.745719000000001,3993,3993
9.74672,3993,3993
9.747720000000001,3992,3992
9.74872,3992,3992
9.74972,3992,3992
9.750720000000001,3990,3990
9.75172,3992,3992
9.75272,3991,3991
9.753721,3989,3989
9.754722000000001,3994,3994
9.755722,3992,3992
9.756722,3993,3993
9.757722000000001,3992,3992
9.758723,3995,3995
9.759724,3993,3993
9.760725,3992,3992
9.761725,3991,3991
9.762725,3987,3987
9.763725,3993,3993
9.764726,3992,3992
9.765726,3992,3992
9.766726,3992,3992
9.767726,3990,3990
9.768726000000001,3994,3994
9.769726,3994,3994
9.770726,3995,3995
9.771727,3993,3993
9.772727,3993,3993
9.773727000000001,3991,3991
9.774727,3993,3993
9.775727,3993,3993
9.776727000000001,3992,3992
9.777727,3992,3992
9.778728000000001,3992,3992
9.779728,3989,3989
9.780728,3995,3995
9.781728000000001,3991,3991
9.782728,3992,3992
9.783728,3995,3995
9.784728000000001,3996,3996
9.785729,3991,3991
9.786729000000001,3991,3991
9.787729,3992,3992
9.788729,3994,3994
9.789729000000001,3996,3996
9.790729,3991,3991
9.791730000000001,3993,3993
9.79273,3992,3992
9.79373,3991,3991
9.794730000000001,3991,3991
9.795731,3994,3994
9.796731000000001,3990,3990
9.797731,3999,3999
9.798731,3992,3992
9.799731000000001,3994,3994
9.800731,3990,3990
9.801731,3992,3992
9.802731,3994,3994
9.803731,3992,3992
9.804731,3991,3991
9.805731,3990,3990
9.806732,3993,3993
9.807732,3993,3993
9.808732000000001,3991,3991
9.809733,3992,3992
9.810733,3996,3996
9.811733,3993,3993
9.812733,3991,3991
9.813733000000001,3993,3993
9.814734,3992,3992
9.815734,3990,3990
9.816734,3991,3991
9.817734,3994,3994
9.818734000000001,3991,3991
9.819735,3992,3992
9.820736,3992,3992
9.821736,3991,3991
9.822737,3993,3993
9.823738,3993,3993
9.824738,3992,3992
9.825739,3992,3992
9.826739,3990,3990
9.827739000000001,3992,3992
9.828739,3992,3992
9.829739,3993,3993
9.830739000000001,3992,3992
9.831739,3992,3992
9.832739,3994,3994
9.833739,3993,3993
9.83474,3992,3992
9.835740000000001,3992,3992
9.83674,3992,3992
9.83774,3992,3992
9.83874,3993,3993
9.839741,3993,3993
9.840743,3991,3991
9.841744,3989,3989
9.842744,3992,3992
9.843744000000001,3993,3993
9.844744,3995,3995
9.845744,3989,3989
9.846745,3994,3994
9.847745,3991,3991
9.848746,3994,3994
9.849746,3992,3992
9.850746000000001,3995,3995
9.851746,3992,3992
9.852746,3991,3991
9.853746000000001,3995,3995
9.854746,3991,3991
9.855747000000001,3993,3993
9.856747,3989,3989
9.857747,3993,3993
9.858747000000001,3992,3992
9.859748,3992,3992
9.860748000000001,3992,3992
9.861749,3993,3993
9.862749,3990,3990
9.863749,3996,3996
9.864749,3992,3992
9.86575,3993,3993
9.86675,3993,3993
9.867750000000001,3994,3994
9.868751,3992,3992
9.869751,3991,3991
9.870751,3993,3993
9.871751,3993,3993
9.872751000000001,3993,3993
9.873751,3992,3992
9.874751,3994,3994
9.875751000000001,3994,3994
9.876751,3995,3995
9.877751,3994,3994
9.878752,3995,3995
9.879752,3996,3996
9.880752000000001,3993,3993
9.881753,3991,3991
9.882753000000001,3992,3992
9.883753,3992,3992
9.884754000000001,3993,3993
9.885755,3995,3995
9.886755,3992,3992
9.887756,3989,3989
9.888756,3992,3992
9.889757000000001,3991,3991
9.890757,3995,3995
9.891757,3989,3989
9.892758,3992,3992
9.893758,3992,3992
9.894758000000001,3992,3992
9.895758,3993,3993
9.896758,3992,3992
9.897758,3989,3989
9.898758,3989,3989
9.899758,3992,3992
9.900758,3994,3994
9.901758000000001,3992,3992
9.902758,3994,3994
9.903758,3992,3992
9.904758000000001,3995,3995
9.905758,3995,3995
9.906758,3994,3994
9.907758000000001,3995,3995
9.908759,3993,3993
9.909759000000001,3993,3993
9.910759,3994,3994
9.911760000000001,3992,3992
9.912761,3996,3996
9.913761000000001,3992,3992
9.914762,3993,3993
9.915762,3992,3992
9.916762,3990,3990
9.917762,3997,3997
9.918762000000001,3994,3994
9.919762,3993,3993
9.920762,3992,3992
9.921762000000001,3988,3988
9.922762,3992,3992
9.923763000000001,3994,3994
9.924763,3995,3995
9.925763,3991,3991
9.926763000000001,3991,3991
9.927764,3991,3991
9.928764000000001,3994,3994
9.929766,3995,3995
9.930767000000001,3992,3992
9.931767,3992,3992
9.932767,3994,3994
9.933767,3992,3992
9.934768,3993,3993
9.935768000000001,3995,3995
9.936768,3992,3992
9.937768,3992,3992
9.938768,3990,3990
9.939768,3991,3991
9.940769000000001,3992,3992
9.94177,3992,3992
9.942770000000001,3992,3992
9.94377,3992,3992
9.94477,3993,3993
9.945771,3993,3993
9.946771,3992,3992
9.947772,3994,3994
9.948772,3993,3993
9.949772000000001,3993,3993
9.950777,3991,3991
9.951777,3992,3992
9.952778,3994,3994
9.953778,3992,3992
9.954778000000001,3991,3991
9.955779,3992,3992
9.95678,3994,3994
9.95778,3994,3994
9.95878,3994,3994
9.95978,3995,3995
9.960781,3991,3991
9.961781,3994,3994
9.962781,3993,3993
9.963782,3989,3989
9.964782,3993,3993
9.965782,3992,3992
9.966782,3991,3991
9.967782,3992,3992
9.968782000000001,3993,3993
9.969782,3994,3994
9.970782,3994,3994
9.971782000000001,3994,3994
9.972782,3992,3992
9.973782,3994,3994
9.974783,3992,3992
9.975784,3992,3992
9.976784,3992,3992
9.977784,3995,3995
9.978784000000001,3991,3991
9.979784,3994,3994
9.980784,3994,3994
9.981784000000001,3994,3994
9.982784,3992,3992
9.983784,3994,3994
9.984784000000001,3991,3991
9.985784,3992,3992
9.986785000000001,3993,3993
9.987786,3993,3993
9.988786000000001,3995,3995
9.989786,3994,3994
9.990786,3992,3992
9.991787,3992,3992
9.992788000000001,3996,3996
9.993788,3994,3994
9.994788,3993,3993
9.995788000000001,3991,3991
9.996788,3992,3992
9.997788,3994,3994
9.998788000000001,3996,3996
9.999788,3992,3992
10.000788,3994,3994
